1	ا	19890160	0.14745504
2	ل	15202891	0.11270613
3	ي	10064784	0.07461494
4	م	7851437	0.05820637
5	و	6919795	0.05129967
6	ن	6376015	0.04726837
7	ر	6200818	0.04596956
8	ت	5835885	0.04326414
9	ة	4465696	0.03310629
10	ب	4332915	0.03212192
11	ع	4071740	0.03018571
12	د	3897744	0.02889580
13	س	3364136	0.02493991
14	ف	3106949	0.02303326
15	ق	2748061	0.02037266
16	أ	2544047	0.01886021
17	ه	2526974	0.01873364
18	ح	2369073	0.01756304
19	ك	2318502	0.01718814
20	ج	1795336	0.01330966
21	،	1365289	0.01012152
22	ط	1279181	0.00948317
23	ش	1221697	0.00905701
24	 	1182179	0.00876404
25	ص	1175835	0.00871701
26	إ	1145097	0.00848914
27	ى	1038385	0.00769803
28	خ	1020336	0.00756423
29	.	978022	0.00725053
30	ز	918172	0.00680684
31	ض	843299	0.00625177
32	ذ	689080	0.00510847
33	ئ	661559	0.00490445
34	ث	630028	0.00467069
35	غ	541601	0.00401514
36	ء	473960	0.00351369
37	"	404414	0.00299811
38	ظ	273273	0.00202590
39	ً	237052	0.00175738
40	2	227985	0.00169016
41	0	211701	0.00156944
42	”	179146	0.00132809
43	1	176299	0.00130699
44	ّ	173550	0.00128661
45	ؤ	158300	0.00117355
46	“	156468	0.00115997
47	آ	114919	0.00085195
48	:	104929	0.00077789
49	(	75944	0.00056301
50	)	75097	0.00055673
51	5	74351	0.00055120
52	3	73635	0.00054589
53	ُ	73137	0.00054220
54	4	66247	0.00049112
55	9	62682	0.00046469
56	-	58398	0.00043293
57	»	52122	0.00038640
58	6	51069	0.00037860
59	«	49979	0.00037052
60	8	48552	0.00035994
61	7	48206	0.00035737
62	/	47175	0.00034973
63	َ	46622	0.00034563
64	ـ	46220	0.00034265
65	N	34247	0.00025389
66	ِ	29791	0.00022085
67	؟	27598	0.00020460
68	,	23574	0.00017477
69	e	18464	0.00013688
70	–	16077	0.00011919
71	%	15262	0.00011314
72	C	15254	0.00011309
73	a	15062	0.00011166
74	t	13844	0.00010263
75	i	13586	0.00010072
76	o	12760	0.00009460
77	ٍ	11489	0.00008517
78	r	11413	0.00008461
79	n	11147	0.00008264
80	s	10126	0.00007507
81	؛	9854	0.00007305
82	…	9683	0.00007178
83	P	9473	0.00007023
84	l	8148	0.00006040
85	A	6562	0.00004865
86	ْ	6406	0.00004749
87	h	5941	0.00004404
88	S	5875	0.00004355
89	c	5468	0.00004054
90	w	5289	0.00003921
91	p	5091	0.00003774
92	!	4978	0.00003690
93	u	4633	0.00003435
94	d	4442	0.00003293
95	T	4327	0.00003208
96	‏	4178	0.00003097
97	M	3731	0.00002766
98	m	3646	0.00002703
99	B	3487	0.00002585
100	٢	3475	0.00002576
101	ٌ	3426	0.00002540
102	I	3278	0.00002430
103	E	3255	0.00002413
104	g	3093	0.00002293
105	٪	3033	0.00002249
106	R	2994	0.00002220
107	y	2934	0.00002175
108	O	2880	0.00002135
109	٠	2765	0.00002050
110	F	2737	0.00002029
111	D	2718	0.00002015
112	G	2369	0.00001756
113	L	2329	0.00001727
114	١	2293	0.00001700
115	b	2108	0.00001563
116	ی	1936	0.00001435
117	+	1933	0.00001433
118	'	1901	0.00001409
119	k	1828	0.00001355
120	H	1794	0.00001330
121	f	1768	0.00001311
122	v	1694	0.00001256
123	V	1659	0.00001230
124	W	1407	0.00001043
125	’	1212	0.00000899
126	U	1062	0.00000787
127	٣	1007	0.00000747
128	—	1002	0.00000743
129	K	934	0.00000692
130	٥	931	0.00000690
131	•	930	0.00000689
132	‘	838	0.00000621
133	٤	836	0.00000620
134	٩	833	0.00000618
135	x	775	0.00000575
136	″	740	0.00000549
137	‎	682	0.00000506
138	٧	652	0.00000483
139	J	651	0.00000483
140	٦	648	0.00000480
141	z	631	0.00000468
142	٨	602	0.00000446
143	X	513	0.00000380
144	Y	436	0.00000323
145	ٔ	363	0.00000269
146	‫	331	0.00000245
147	Z	328	0.00000243
148	ک	305	0.00000226
149	Q	294	0.00000218
150	·	293	0.00000217
151	‬	285	0.00000211
152	j	222	0.00000165
153	&	190	0.00000141
154	□	169	0.00000125
155	é	165	0.00000122
156	ٕ	164	0.00000122
157	q	154	0.00000114
158	ڤ	132	0.00000098
159	ھ	122	0.00000090
160	*	108	0.00000080
161	$	100	0.00000074
162	ٱ	94	0.00000070
163	⁩	86	0.00000064
164	ﻷ	81	0.00000060
165	⁧	78	0.00000058
166	‭	78	0.00000058
167	️	71	0.00000053
168	○	70	0.00000052
169	×	67	0.00000050
170		61	0.00000045
171	 	61	0.00000045
172	چ	59	0.00000044
173	گ	57	0.00000042
174	۲	57	0.00000042
175	‮	56	0.00000042
176	ٰ	54	0.00000040
177	′	54	0.00000040
178	ﻟ	49	0.00000036
179	ڨ	46	0.00000034
180	ﺍ	45	0.00000033
181	и	45	0.00000033
182	ﺎ	45	0.00000033
183	?	39	0.00000029
184	▪	38	0.00000028
185	°	34	0.00000025
186	ے	34	0.00000025
187	ü	34	0.00000025
188	о	34	0.00000025
189	۰	33	0.00000024
190	پ	32	0.00000024
191	›	29	0.00000021
192	™	27	0.00000020
193	ۡ	27	0.00000020
194	в	25	0.00000019
195	è	25	0.00000019
196	۱	25	0.00000019
197	؜	24	0.00000018
198	ﺑ	22	0.00000016
199	ﻮ	22	0.00000016
200	ﺗ	22	0.00000016
201	ٓ	22	0.00000016
202	ﻹ	22	0.00000016
203	﴾	21	0.00000016
204	﴿	21	0.00000016
205	А	21	0.00000016
206	ﻻ	20	0.00000015
207	е	20	0.00000015
208	н	20	0.00000015
209	т	20	0.00000015
210	ﻭ	19	0.00000014
211	ﻧ	19	0.00000014
212	★	18	0.00000013
213	ﻠ	18	0.00000013
214	ﻣ	18	0.00000013
215	❤	17	0.00000013
216	ﻴ	17	0.00000013
217	к	17	0.00000013
218	۹	17	0.00000013
219	ﺮ	17	0.00000013
220	ہ	16	0.00000012
221	с	16	0.00000012
222	а	16	0.00000012
223	à	15	0.00000011
224	✱	15	0.00000011
225	ﺳ	15	0.00000011
226	ﻤ	15	0.00000011
227	﻿	15	0.00000011
228	‪	15	0.00000011
229	ﺘ	15	0.00000011
230	￼	15	0.00000011
231	‹	14	0.00000010
232	л	14	0.00000010
233	ﺔ	14	0.00000010
234	р	14	0.00000010
235	ı	13	0.00000010
236	❊	13	0.00000010
237	®	12	0.00000009
238	ﷺ	12	0.00000009
239	ﺪ	12	0.00000009
240	ﺩ	12	0.00000009
241	й	12	0.00000009
242	ç	12	0.00000009
243	ø	12	0.00000009
244	۳	12	0.00000009
245	ﻌ	11	0.00000008
246	М	11	0.00000008
247	٫	11	0.00000008
248	ﺴ	11	0.00000008
249	>	10	0.00000007
250	Р	10	0.00000007
251	ﻓ	10	0.00000007
252	Н	10	0.00000007
253	С	10	0.00000007
254	ö	10	0.00000007
255	ﻋ	10	0.00000007
256	←	9	0.00000007
257		9	0.00000007
258	á	9	0.00000007
259	д	9	0.00000007
260	;	8	0.00000006
261	ۖ	8	0.00000006
262	β	8	0.00000006
263	⭕	8	0.00000006
264	г	8	0.00000006
265	ﺒ	8	0.00000006
266	í	8	0.00000006
267	ó	8	0.00000006
268	В	8	0.00000006
269	ﺭ	8	0.00000006
270	ﻘ	8	0.00000006
271	ﺕ	8	0.00000006
272	ﺻ	8	0.00000006
273	ﻨ	8	0.00000006
274	`	7	0.00000005
275	â	7	0.00000005
276	Ç	7	0.00000005
277	ğ	7	0.00000005
278	۷	7	0.00000005
279	О	7	0.00000005
280	ﻜ	7	0.00000005
281	ۚ	6	0.00000004
282	î	6	0.00000004
283	α	6	0.00000004
284	И	6	0.00000004
285	ь	6	0.00000004
286	ﻔ	6	0.00000004
287	ê	6	0.00000004
288	ﻫ	6	0.00000004
289	ﺼ	6	0.00000004
290	ﻛ	6	0.00000004
291	ﻢ	6	0.00000004
292	ε	5	0.00000004
293	︎	5	0.00000004
294	ä	5	0.00000004
295	м	5	0.00000004
296	⬇	5	0.00000004
297	ﻳ	5	0.00000004
298	ﻰ	5	0.00000004
299	۸	5	0.00000004
300	ﺃ	5	0.00000004
301	ﻞ	5	0.00000004
302	ﺓ	5	0.00000004
303	⁃	4	0.00000003
304	ﻱ	4	0.00000003
305	Е	4	0.00000003
306	х	4	0.00000003
307	ژ	4	0.00000003
308	ﺠ	4	0.00000003
309	æ	4	0.00000003
310	İ	4	0.00000003
311	Г	4	0.00000003
312	ٗ	4	0.00000003
313	٬	4	0.00000003
314	ﻲ	4	0.00000003
315	ﯾ	4	0.00000003
316	ﻄ	4	0.00000003
317	⁦	4	0.00000003
318	ﺟ	4	0.00000003
319	ﻦ	4	0.00000003
320	ﻝ	4	0.00000003
321	ﻊ	4	0.00000003
322	<	3	0.00000002
323	~	3	0.00000002
324	±	3	0.00000002
325	❞	3	0.00000002
326		3	0.00000002
327	ã	3	0.00000002
328	К	3	0.00000002
329	ﭘ	3	0.00000002
330	Л	3	0.00000002
331	ە	3	0.00000002
332	‼	3	0.00000002
333	ں	3	0.00000002
334	²	3	0.00000002
335	Х	3	0.00000002
336	Ö	3	0.00000002
337	ú	3	0.00000002
338	å	3	0.00000002
339	ò	3	0.00000002
340	¶	3	0.00000002
341	ч	3	0.00000002
342	Б	3	0.00000002
343	י	3	0.00000002
344	ש	3	0.00000002
345	ﺸ	3	0.00000002
346	ﺿ	3	0.00000002
347	ﻗ	3	0.00000002
348	ڭ	3	0.00000002
349	ﺧ	3	0.00000002
350	ﺆ	3	0.00000002
351	ۢ	3	0.00000002
352	ۦ	3	0.00000002
353	ݣ	3	0.00000002
354	ﺣ	3	0.00000002
355	ﺏ	3	0.00000002
356	ﺐ	3	0.00000002
357	ﻼ	3	0.00000002
358	ﻖ	3	0.00000002
359	ﻪ	3	0.00000002
360	ﺬ	3	0.00000002
361	ß	2	0.00000001
362	ۗ	2	0.00000001
363	☕	2	0.00000001
364	✅	2	0.00000001
365	ﺾ	2	0.00000001
366	㎛	2	0.00000001
367	³	2	0.00000001
368	Ä	2	0.00000001
369	Ñ	2	0.00000001
370	ł	2	0.00000001
371	ş	2	0.00000001
372	œ	2	0.00000001
373	ô	2	0.00000001
374	ʺ	2	0.00000001
375	у	2	0.00000001
376	з	2	0.00000001
377	Т	2	0.00000001
378	ы	2	0.00000001
379	ת	2	0.00000001
380	ה	2	0.00000001
381	ו	2	0.00000001
382	ﭬ	2	0.00000001
383	ﻡ	2	0.00000001
384	ﭭ	2	0.00000001
385	⦁	2	0.00000001
386	ۃ	2	0.00000001
387	‛	2	0.00000001
388	ﺤ	2	0.00000001
389	ﺰ	2	0.00000001
390	۔	2	0.00000001
391	⁠	2	0.00000001
392	❝	2	0.00000001
393	ⲃ	2	0.00000001
394	・	2	0.00000001
395	ﺇ	2	0.00000001
396	ﻬ	2	0.00000001
397	ﺋ	2	0.00000001
398	ﺜ	2	0.00000001
399	„	1	0.00000001
400	‒	1	0.00000001
401	♦	1	0.00000001
402	¼	1	0.00000001
403	½	1	0.00000001
404	ĺ	1	0.00000001
405	ð	1	0.00000001
406	−	1	0.00000001
407	Œ	1	0.00000001
408	ë	1	0.00000001
409	ố	1	0.00000001
410	Ü	1	0.00000001
411	ñ	1	0.00000001
412	š	1	0.00000001
413	ś	1	0.00000001
414	ī	1	0.00000001
415	Δ	1	0.00000001
416	¡	1	0.00000001
417	É	1	0.00000001
418	Ø	1	0.00000001
419	Š	1	0.00000001
420	ю	1	0.00000001
421	п	1	0.00000001
422	я	1	0.00000001
423	ш	1	0.00000001
424	У	1	0.00000001
425	П	1	0.00000001
426	ф	1	0.00000001
427	Э	1	0.00000001
428	ב	1	0.00000001
429	מ	1	0.00000001
430	ק	1	0.00000001
431	ד	1	0.00000001
432	ר	1	0.00000001
433	א	1	0.00000001
434	ן	1	0.00000001
435	פ	1	0.00000001
436	נ	1	0.00000001
437	ט	1	0.00000001
438	ס	1	0.00000001
439	÷	1	0.00000001
440	✡	1	0.00000001
441	☪	1	0.00000001
442	✝	1	0.00000001
443	ﭙ	1	0.00000001
444	↔	1	0.00000001
445	ړ	1	0.00000001
446	ﻵ	1	0.00000001
447	ﯿ	1	0.00000001
448	ﻕ	1	0.00000001
449	ǃ	1	0.00000001
450	ګ	1	0.00000001
451	ٙ	1	0.00000001
452	۟	1	0.00000001
453	✌	1	0.00000001
454	ځ	1	0.00000001
455	ﻚ	1	0.00000001
456	ې	1	0.00000001
457	ټ	1	0.00000001
458	ښ	1	0.00000001
459	ۀ	1	0.00000001
460	ۙ	1	0.00000001
461	۴	1	0.00000001
462	ὑ	1	0.00000001
463	σ	1	0.00000001
464	τ	1	0.00000001
465	έ	1	0.00000001
466	ρ	1	0.00000001
467	⁣	1	0.00000001
468	⁰	1	0.00000001
469	ⁿ	1	0.00000001
470	→	1	0.00000001
471	⏪	1	0.00000001
472	⏺	1	0.00000001
473	▶	1	0.00000001
474	◀	1	0.00000001
475	◙	1	0.00000001
476	☺	1	0.00000001
477	⚡	1	0.00000001
478	⚪	1	0.00000001
479	⚽	1	0.00000001
480	⛔	1	0.00000001
481	✔	1	0.00000001
482	❌	1	0.00000001
483	Ⲁ	1	0.00000001
484	ⲁ	1	0.00000001
485	ⲩ	1	0.00000001
486	ⲉ	1	0.00000001
487	ⲛ	1	0.00000001
488	ⲓ	1	0.00000001
489	꞉	1	0.00000001
490	ﭼ	1	0.00000001
491	ﰲ	1	0.00000001
492	﷽	1	0.00000001
493	ﻯ	1	0.00000001
494	ﺛ	1	0.00000001
495	ﻉ	1	0.00000001
496	ﻒ	1	0.00000001
497	ﺱ	1	0.00000001
498	ﻐ	1	0.00000001
499	ﮭ	1	0.00000001
500	ﺚ	1	0.00000001
501	ﺯ	1	0.00000001
502	ﺷ	1	0.00000001
503	ﺢ	1	0.00000001
504	ﻩ	1	0.00000001
505	ﻥ	1	0.00000001
