1	이	1547063	0.02939578
2	다	1470181	0.02793494
3	.	1042729	0.01981292
4	는	972611	0.01848060
5	에	927611	0.01762556
6	을	844713	0.01605041
7	고	777967	0.01478217
8	의	724785	0.01377166
9	지	715013	0.01358598
10	가	681348	0.01294631
11	로	643260	0.01222260
12	한	637754	0.01211798
13	하	636862	0.01210103
14	대	574017	0.01090691
15	기	535821	0.01018115
16	서	526513	0.01000429
17	은	515140	0.00978819
18	사	496546	0.00943488
19	를	487075	0.00925492
20	해	447584	0.00850455
21	도	437523	0.00831338
22	인	422874	0.00803504
23	시	415646	0.00789770
24	자	383594	0.00728868
25	1	378574	0.00719329
26	,	371094	0.00705117
27	정	370747	0.00704457
28	했	363653	0.00690978
29	전	360986	0.00685910
30	0	356942	0.00678226
31	수	354573	0.00673725
32	2	333933	0.00634507
33	국	333742	0.00634144
34	부	330765	0.00628487
35	리	318958	0.00606053
36	으	317097	0.00602517
37	일	314899	0.00598340
38	원	312519	0.00593818
39	장	312487	0.00593757
40	있	307807	0.00584865
41	라	306565	0.00582505
42	“	282899	0.00537537
43	상	281726	0.00535308
44	”	279168	0.00530448
45	보	277124	0.00526564
46	나	276688	0.00525736
47	아	270858	0.00514658
48	과	270189	0.00513387
49	어	267000	0.00507327
50	제	265057	0.00503635
51	주	251643	0.00478147
52	스	245103	0.00465721
53	만	241419	0.00458721
54	들	234469	0.00445515
55	위	228485	0.00434145
56	(	214841	0.00408220
57	)	214452	0.00407481
58	공	207282	0.00393857
59	적	205111	0.00389732
60	것	192978	0.00366678
61	면	190044	0.00361103
62	경	189934	0.00360894
63	성	183828	0.00349292
64	관	182210	0.00346218
65	동	181676	0.00345203
66	‘	179805	0.00341648
67	’	178711	0.00339569
68	선	177580	0.00337420
69	구	177424	0.00337124
70	회	177101	0.00336510
71	중	174793	0.00332125
72	비	173456	0.00329584
73	소	172045	0.00326903
74	게	171799	0.00326436
75	조	170513	0.00323992
76	통	166556	0.00316473
77	그	165452	0.00314376
78	등	164595	0.00312747
79	3	163068	0.00309846
80	당	160729	0.00305402
81	진	158389	0.00300955
82	우	158199	0.00300594
83	계	154629	0.00293811
84	화	153038	0.00290788
85	며	149644	0.00284339
86	미	146776	0.00278889
87	안	145516	0.00276495
88	유	144824	0.00275180
89	명	144030	0.00273672
90	문	143333	0.00272347
91	내	142476	0.00270719
92	신	141707	0.00269258
93	와	139608	0.00265269
94	5	139462	0.00264992
95	재	137350	0.00260979
96	민	136817	0.00259966
97	여	136122	0.00258646
98	개	136065	0.00258537
99	업	135741	0.00257922
100	년	133731	0.00254103
101	오	131962	0.00250741
102	발	129729	0.00246498
103	연	129179	0.00245453
104	할	127285	0.00241855
105	무	127179	0.00241653
106	4	126562	0.00240481
107	용	126465	0.00240296
108	방	126455	0.00240277
109	행	124884	0.00237292
110	세	123932	0.00235483
111	치	122405	0.00232582
112	후	122104	0.00232010
113	러	118779	0.00225692
114	9	118279	0.00224742
115	간	117318	0.00222916
116	모	115089	0.00218681
117	실	114912	0.00218345
118	산	114857	0.00218240
119	거	114631	0.00217811
120	마	112662	0.00214069
121	트	111203	0.00211297
122	영	110603	0.00210157
123	차	110567	0.00210089
124	생	106834	0.00202996
125	분	106619	0.00202587
126	니	104826	0.00199180
127	6	102690	0.00195122
128	단	102646	0.00195038
129	월	102392	0.00194555
130	체	100135	0.00190267
131	터	99418	0.00188904
132	난	98814	0.00187757
133	표	98436	0.00187038
134	된	98412	0.00186993
135	요	98326	0.00186829
136	금	97965	0.00186144
137	드	96690	0.00183721
138	7	94984	0.00180479
139	역	94394	0.00179358
140	8	93410	0.00177489
141	반	91890	0.00174600
142	현	89929	0.00170874
143	려	89741	0.00170517
144	야	89084	0.00169269
145	말	87626	0.00166498
146	출	87280	0.00165841
147	운	86903	0.00165125
148	최	85880	0.00163181
149	교	85381	0.00162233
150	데	84773	0.00161077
151	되	84277	0.00160135
152	강	84028	0.00159662
153	건	82857	0.00157437
154	·	81383	0.00154636
155	감	80460	0.00152882
156	었	80149	0.00152291
157	입	79872	0.00151765
158	크	79712	0.00151461
159	령	79380	0.00150830
160	바	78839	0.00149802
161	법	78558	0.00149268
162	물	78274	0.00148729
163	달	77422	0.00147110
164	않	76679	0.00145698
165	결	76315	0.00145006
166	력	75862	0.00144146
167	식	75825	0.00144075
168	임	74777	0.00142084
169	%	72868	0.00138457
170	속	72348	0.00137469
171	청	72318	0.00137412
172	예	71615	0.00136076
173	설	70556	0.00134064
174	직	70460	0.00133881
175	까	70053	0.00133108
176	르	70017	0.00133039
177	권	69216	0.00131517
178	심	68845	0.00130813
179	없	68668	0.00130476
180	확	68496	0.00130149
181	석	68395	0.00129958
182	학	68113	0.00129422
183	날	67082	0.00127463
184	울	65244	0.00123970
185	포	64985	0.00123478
186	히	64958	0.00123427
187	호	64581	0.00122711
188	각	64561	0.00122673
189	점	64141	0.00121874
190	작	63835	0.00121293
191	열	63797	0.00121221
192	양	63433	0.00120529
193	받	63014	0.00119733
194	준	62887	0.00119492
195	타	62449	0.00118659
196	불	62134	0.00118061
197	더	61721	0.00117276
198	추	60557	0.00115065
199	약	60407	0.00114779
200	두	60391	0.00114749
201	본	60045	0.00114092
202	매	59282	0.00112642
203	노	59243	0.00112568
204	남	59125	0.00112344
205	종	57444	0.00109149
206	처	57418	0.00109100
207	파	57310	0.00108895
208	올	57093	0.00108483
209	프	56883	0.00108084
210	근	56735	0.00107802
211	검	56714	0.00107762
212	던	56171	0.00106731
213	증	56042	0.00106486
214	음	55654	0.00105748
215	격	55437	0.00105336
216	급	55306	0.00105087
217	판	55295	0.00105066
218	피	55065	0.00104629
219	김	54773	0.00104074
220	때	54594	0.00103734
221	코	54422	0.00103407
222	배	54234	0.00103050
223	됐	53835	0.00102292
224	외	53041	0.00100783
225	합	52519	0.00099791
226	A	50848	0.00096616
227	밝	50322	0.00095617
228	환	50183	0.00095353
229	찰	50126	0.00095245
230	저	49372	0.00093812
231	집	49193	0.00093472
232	씨	49106	0.00093306
233	번	48850	0.00092820
234	책	48841	0.00092803
235	태	48428	0.00092018
236	능	48358	0.00091885
237	함	48016	0.00091235
238	련	47928	0.00091068
239	윤	47608	0.00090460
240	투	47116	0.00089525
241	았	47057	0.00089413
242	따	46848	0.00089016
243	료	46555	0.00088459
244	질	46515	0.00088383
245	북	46088	0.00087572
246	록	45755	0.00086939
247	총	45719	0.00086871
248	박	45603	0.00086650
249	겠	44721	0.00084974
250	S	44096	0.00083787
251	변	43909	0.00083432
252	품	43872	0.00083361
253	군	43727	0.00083086
254	린	43241	0.00082162
255	평	42797	0.00081319
256	혔	42518	0.00080789
257	형	42488	0.00080732
258	토	42253	0.00080285
259	승	41772	0.00079371
260	규	41732	0.00079295
261	특	41546	0.00078942
262	른	41523	0.00078898
263	초	41176	0.00078239
264	C	41086	0.00078068
265	담	40977	0.00077860
266	래	40966	0.00077840
267	협	40920	0.00077752
268	디	40578	0.00077102
269	레	40546	0.00077042
270	억	39322	0.00074716
271	활	38860	0.00073838
272	언	38854	0.00073827
273	향	38612	0.00073367
274	복	38571	0.00073289
275	참	38351	0.00072871
276	온	38229	0.00072639
277	카	37767	0.00071761
278	같	37763	0.00071754
279	앞	37238	0.00070756
280	론	37105	0.00070503
281	목	36570	0.00069487
282	황	36550	0.00069449
283	편	36219	0.00068820
284	술	35431	0.00067323
285	망	35095	0.00066684
286	습	34929	0.00066369
287	또	34729	0.00065989
288	많	34718	0.00065968
289	든	33055	0.00062808
290	천	33036	0.00062772
291	람	32993	0.00062690
292	란	32608	0.00061959
293	항	32555	0.00061858
294	접	32241	0.00061261
295	량	32126	0.00061043
296	병	31783	0.00060391
297	B	31507	0.00059867
298	별	31471	0.00059798
299	키	31331	0.00059532
300	알	31168	0.00059222
301	축	31120	0.00059131
302	졌	31004	0.00058911
303	취	30969	0.00058844
304	였	30930	0.00058770
305	버	30691	0.00058316
306	택	30666	0.00058269
307	께	30473	0.00057902
308	절	30414	0.00057790
309	송	30394	0.00057752
310	험	30241	0.00057461
311	T	30181	0.00057347
312	독	29792	0.00056608
313	필	29716	0.00056463
314	못	29142	0.00055373
315	브	29082	0.00055259
316	범	28828	0.00054776
317	루	28552	0.00054252
318	런	28463	0.00054083
319	응	28006	0.00053214
320	힘	27904	0.00053020
321	높	27578	0.00052401
322	육	27454	0.00052165
323	새	27241	0.00051761
324	견	27230	0.00051740
325	벌	27102	0.00051497
326	티	26639	0.00050617
327	광	26517	0.00050385
328	I	25908	0.00049228
329	플	25781	0.00048987
330	살	25539	0.00048527
331	채	25464	0.00048384
332	획	25114	0.00047719
333	침	25050	0.00047598
334	뒤	24990	0.00047484
335	될	24690	0.00046914
336	너	24609	0.00046760
337	늘	24502	0.00046556
338	메	24335	0.00046239
339	손	24148	0.00045884
340	및	23936	0.00045481
341	족	23712	0.00045055
342	측	23394	0.00044451
343	P	23277	0.00044229
344	율	23058	0.00043813
345	-	23046	0.00043790
346	폭	22979	0.00043662
347	돌	22880	0.00043474
348	백	22774	0.00043273
349	순	22769	0.00043263
350	철	22490	0.00042733
351	친	22467	0.00042690
352	M	22451	0.00042659
353	맞	22399	0.00042560
354	탄	22121	0.00042032
355	길	21988	0.00041779
356	존	21860	0.00041536
357	쟁	21657	0.00041151
358	악	21389	0.00040641
359	충	21280	0.00040434
360	립	21254	0.00040385
361	애	21234	0.00040347
362	완	21230	0.00040339
363	글	21166	0.00040218
364	막	20881	0.00039676
365	극	20852	0.00039621
366	류	20845	0.00039608
367	N	20840	0.00039598
368	돼	20794	0.00039511
369	페	20731	0.00039391
370	넘	20495	0.00038943
371	워	20467	0.00038889
372	G	20410	0.00038781
373	논	20260	0.00038496
374	례	20244	0.00038466
375	왔	20114	0.00038219
376	테	20101	0.00038194
377	E	20004	0.00038010
378	곳	19961	0.00037928
379	줄	19907	0.00037825
380	희	19496	0.00037044
381	e	19488	0.00037029
382	K	19043	0.00036184
383	엔	18514	0.00035178
384	네	18453	0.00035063
385	창	18430	0.00035019
386	F	18171	0.00034527
387	움	18124	0.00034437
388	커	18088	0.00034369
389	패	18079	0.00034352
390	누	17817	0.00033854
391	 	17783	0.00033790
392	느	17728	0.00033685
393	핵	17705	0.00033641
394	걸	17701	0.00033634
395	겨	17530	0.00033309
396	갈	17372	0.00033009
397	D	17342	0.00032952
398	머	17251	0.00032779
399	베	16869	0.00032053
400	삼	16868	0.00032051
401	림	16717	0.00031764
402	락	16654	0.00031644
403	럼	16643	0.00031623
404	긴	16634	0.00031606
405	염	16507	0.00031365
406	L	16268	0.00030911
407	션	16217	0.00030814
408	~	16216	0.00030812
409	팀	16191	0.00030765
410	찾	15686	0.00029805
411	좋	15583	0.00029609
412	착	15546	0.00029539
413	m	15536	0.00029520
414	렸	15468	0.00029391
415	름	15441	0.00029339
416	져	15424	0.00029307
417	객	15346	0.00029159
418	O	15341	0.00029149
419	징	15287	0.00029047
420	허	15241	0.00028959
421	랑	15181	0.00028845
422	효	14988	0.00028479
423	즈	14841	0.00028199
424	득	14804	0.00028129
425	쪽	14767	0.00028059
426	랜	14710	0.00027951
427	액	14698	0.00027928
428	답	14471	0.00027496
429	률	14401	0.00027363
430	럽	14385	0.00027333
431	익	14325	0.00027219
432	골	14309	0.00027189
433	혐	14260	0.00027095
434	농	14217	0.00027014
435	R	14171	0.00026926
436	센	14077	0.00026748
437	밀	14049	0.00026695
438	죄	13900	0.00026411
439	잘	13873	0.00026360
440	층	13812	0.00026244
441	폐	13797	0.00026216
442	훈	13772	0.00026168
443	색	13720	0.00026069
444	냐	13503	0.00025657
445	케	13380	0.00025423
446	블	13379	0.00025421
447	잡	13359	0.00025383
448	융	13327	0.00025323
449	났	13193	0.00025068
450	a	13132	0.00024952
451	압	12737	0.00024202
452	큰	12635	0.00024008
453	츠	12630	0.00023998
454	탈	12611	0.00023962
455	t	12584	0.00023911
456	i	12499	0.00023749
457	o	12497	0.00023746
458	혁	12377	0.00023518
459	붙	12295	0.00023362
460	놓	12268	0.00023310
461	뉴	12239	0.00023255
462	앙	11933	0.00022674
463	빠	11931	0.00022670
464	균	11725	0.00022279
465	째	11704	0.00022239
466	쳐	11640	0.00022117
467	홍	11633	0.00022104
468	V	11456	0.00021768
469	n	11395	0.00021652
470	혼	11258	0.00021391
471	첫	11207	0.00021294
472	퇴	11134	0.00021156
473	혹	11006	0.00020913
474	퍼	10826	0.00020571
475	엄	10801	0.00020523
476	r	10736	0.00020399
477	렇	10731	0.00020390
478	략	10641	0.00020219
479	롯	10571	0.00020086
480	쓰	10552	0.00020050
481	눈	10407	0.00019774
482	봉	10390	0.00019742
483	끝	10206	0.00019392
484	갖	10170	0.00019324
485	먼	10137	0.00019261
486	큼	10134	0.00019256
487	낮	10104	0.00019199
488	몰	9902	0.00018815
489	얼	9767	0.00018558
490	콘	9667	0.00018368
491	U	9585	0.00018212
492	널	9528	0.00018104
493	뿐	9424	0.00017907
494	휴	9303	0.00017677
495	떨	9275	0.00017623
496	낸	9251	0.00017578
497	냈	9251	0.00017578
498	△	9243	0.00017563
499	풍	9189	0.00017460
500	클	9174	0.00017432
501	찬	9084	0.00017261
502	싶	9063	0.00017221
503	혜	9006	0.00017112
504	닌	8999	0.00017099
505	릴	8992	0.00017086
506	룹	8919	0.00016947
507	∼	8896	0.00016903
508	핑	8851	0.00016818
509	…	8835	0.00016787
510	귀	8832	0.00016782
511	밖	8793	0.00016708
512	뤄	8678	0.00016489
513	헌	8676	0.00016485
514	템	8663	0.00016461
515	먹	8646	0.00016428
516	램	8562	0.00016269
517	흥	8487	0.00016126
518	푸	8259	0.00015693
519	H	8244	0.00015664
520	떠	8229	0.00015636
521	곡	8190	0.00015562
522	촉	8166	0.00015516
523	왕	8107	0.00015404
524	힌	8094	0.00015379
525	혀	8033	0.00015264
526	숙	7969	0.00015142
527	볼	7952	0.00015110
528	뜻	7918	0.00015045
529	욱	7899	0.00015009
530	끌	7788	0.00014798
531	털	7616	0.00014471
532	풀	7611	0.00014462
533	꾸	7522	0.00014293
534	념	7460	0.00014175
535	s	7454	0.00014163
536	>	7417	0.00014093
537	<	7407	0.00014074
538	켜	7364	0.00013992
539	돈	7353	0.00013971
540	맹	7349	0.00013964
541	l	7312	0.00013894
542	숨	7195	0.00013671
543	덧	7152	0.00013590
544	떤	7101	0.00013493
545	잠	7091	0.00013474
546	녀	7028	0.00013354
547	욕	7015	0.00013329
548	W	7013	0.00013325
549	폼	7010	0.00013320
550	컵	6990	0.00013282
551	링	6962	0.00013229
552	암	6959	0.00013223
553	님	6955	0.00013215
554	끼	6954	0.00013213
555	텔	6884	0.00013080
556	즌	6791	0.00012904
557	섰	6774	0.00012871
558	빈	6744	0.00012814
559	랫	6711	0.00012752
560	덕	6691	0.00012714
561	슬	6675	0.00012683
562	쳤	6667	0.00012668
563	랐	6652	0.00012639
564	맡	6651	0.00012638
565	?	6622	0.00012582
566	갔	6565	0.00012474
567	팬	6487	0.00012326
568	벤	6453	0.00012261
569	웨	6422	0.00012202
570	둘	6413	0.00012185
571	팅	6413	0.00012185
572	둔	6411	0.00012182
573	렵	6344	0.00012054
574	캐	6324	0.00012016
575	델	6277	0.00011927
576	빌	6277	0.00011927
577	휘	6271	0.00011916
578	'	6224	0.00011826
579	틴	6221	0.00011821
580	픽	6122	0.00011632
581	벽	6050	0.00011496
582	틀	6040	0.00011477
583	폴	6028	0.00011454
584	좌	6011	0.00011422
585	뷰	5984	0.00011370
586	텐	5955	0.00011315
587	컨	5949	0.00011304
588	굴	5938	0.00011283
589	렌	5860	0.00011135
590	엘	5805	0.00011030
591	겼	5768	0.00010960
592	쇼	5755	0.00010935
593	c	5744	0.00010914
594	탁	5731	0.00010889
595	싱	5702	0.00010834
596	웃	5696	0.00010823
597	듯	5604	0.00010648
598	떻	5583	0.00010608
599	쉽	5575	0.00010593
600	슈	5469	0.00010392
601	십	5464	0.00010382
602	→	5453	0.00010361
603	솔	5443	0.00010342
604	봤	5406	0.00010272
605	칙	5397	0.00010255
606	싸	5351	0.00010167
607	쇄	5312	0.00010093
608	k	5289	0.00010050
609	칠	5288	0.00010048
610	춰	5256	0.00009987
611	얻	5187	0.00009856
612	쿠	5181	0.00009844
613	몸	5172	0.00009827
614	뛰	5159	0.00009803
615	죽	5147	0.00009780
616	괴	5110	0.00009710
617	갑	5098	0.00009687
618	납	5072	0.00009637
619	g	5040	0.00009577
620	혈	4963	0.00009430
621	홈	4958	0.00009421
622	킨	4946	0.00009398
623	써	4945	0.00009396
624	롭	4922	0.00009352
625	겪	4888	0.00009288
626	팔	4825	0.00009168
627	즐	4810	0.00009139
628	웠	4795	0.00009111
629	X	4784	0.00009090
630	낙	4768	0.00009060
631	찍	4762	0.00009048
632	즉	4750	0.00009025
633	h	4738	0.00009003
634	슨	4707	0.00008944
635	릭	4699	0.00008929
636	놀	4686	0.00008904
637	d	4684	0.00008900
638	폰	4650	0.00008835
639	흐	4625	0.00008788
640	넷	4621	0.00008780
641	뢰	4606	0.00008752
642	값	4589	0.00008720
643	킹	4580	0.00008702
644	짜	4565	0.00008674
645	캠	4551	0.00008647
646	p	4522	0.00008592
647	녹	4484	0.00008520
648	꼽	4483	0.00008518
649	u	4452	0.00008459
650	엇	4448	0.00008452
651	왜	4441	0.00008438
652	춘	4402	0.00008364
653	궁	4400	0.00008360
654	펼	4399	0.00008359
655	삶	4382	0.00008326
656	씩	4379	0.00008321
657	탕	4378	0.00008319
658	잔	4339	0.00008245
659	헤	4337	0.00008241
660	턴	4331	0.00008229
661	홀	4307	0.00008184
662	뮤	4303	0.00008176
663	섭	4299	0.00008169
664	밤	4290	0.00008151
665	옥	4203	0.00007986
666	J	4195	0.00007971
667	탑	4191	0.00007963
668	얘	4181	0.00007944
669	짓	4087	0.00007766
670	척	4050	0.00007695
671	뜨	4018	0.00007635
672	묻	4016	0.00007631
673	촬	3984	0.00007570
674	튜	3982	0.00007566
675	봐	3969	0.00007542
676	겸	3961	0.00007526
677	닥	3814	0.00007247
678	륙	3801	0.00007222
679	첨	3786	0.00007194
680	늦	3753	0.00007131
681	쉬	3753	0.00007131
682	깊	3743	0.00007112
683	냥	3731	0.00007089
684	넣	3729	0.00007085
685	칭	3720	0.00007068
686	흔	3715	0.00007059
687	흡	3691	0.00007013
688	빨	3679	0.00006990
689	맥	3661	0.00006956
690	깨	3646	0.00006928
691	딸	3628	0.00006894
692	벨	3620	0.00006878
693	잇	3604	0.00006848
694	컬	3601	0.00006842
695	몇	3576	0.00006795
696	촌	3576	0.00006795
697	▲	3566	0.00006776
698	흘	3487	0.00006626
699	앱	3446	0.00006548
700	뇌	3427	0.00006512
701	컴	3391	0.00006443
702	앤	3382	0.00006426
703	곤	3349	0.00006363
704	죠	3348	0.00006362
705	줬	3328	0.00006324
706	킬	3291	0.00006253
707	랙	3257	0.00006189
708	콜	3243	0.00006162
709	셔	3200	0.00006080
710	y	3194	0.00006069
711	셀	3150	0.00005985
712	괄	3147	0.00005980
713	맨	3135	0.00005957
714	켓	3110	0.00005909
715	칼	3102	0.00005894
716	맛	3073	0.00005839
717	믿	3072	0.00005837
718	픈	3056	0.00005807
719	꿈	3044	0.00005784
720	탐	3041	0.00005778
721	곧	3032	0.00005761
722	믹	3028	0.00005754
723	벗	3024	0.00005746
724	펴	3003	0.00005706
725	왼	2994	0.00005689
726	듣	2991	0.00005683
727	켰	2978	0.00005659
728	젤	2964	0.00005632
729	젊	2916	0.00005541
730	딩	2881	0.00005474
731	틱	2869	0.00005451
732	씀	2868	0.00005449
733	슷	2861	0.00005436
734	즘	2842	0.00005400
735	졸	2835	0.00005387
736	잃	2819	0.00005356
737	끄	2817	0.00005353
738	셈	2812	0.00005343
739	젝	2809	0.00005337
740	삭	2791	0.00005303
741	섬	2775	0.00005273
742	옮	2753	0.00005231
743	닝	2741	0.00005208
744	쏟	2729	0.00005185
745	꺼	2728	0.00005183
746	춤	2714	0.00005157
747	냉	2705	0.00005140
748	빛	2694	0.00005119
749	셜	2692	0.00005115
750	닉	2686	0.00005104
751	셨	2679	0.00005090
752	&	2668	0.00005069
753	걱	2661	0.00005056
754	넓	2660	0.00005054
755	헬	2654	0.00005043
756	콩	2648	0.00005031
757	"	2624	0.00004986
758	쌓	2616	0.00004971
759	핀	2610	0.00004959
760	젠	2601	0.00004942
761	짐	2601	0.00004942
762	낼	2599	0.00004938
763	:	2597	0.00004935
764	/	2593	0.00004927
765	꽃	2589	0.00004919
766	Y	2568	0.00004879
767	빚	2568	0.00004879
768	렉	2567	0.00004878
769	빅	2564	0.00004872
770	㎞	2564	0.00004872
771	듭	2541	0.00004828
772	봄	2534	0.00004815
773	럭	2532	0.00004811
774	잉	2529	0.00004805
775	Z	2515	0.00004779
776	렀	2511	0.00004771
777	빼	2487	0.00004726
778	빙	2486	0.00004724
779	덜	2480	0.00004712
780	멘	2463	0.00004680
781	줘	2450	0.00004655
782	끊	2449	0.00004653
783	롱	2445	0.00004646
784	럴	2444	0.00004644
785	봇	2439	0.00004634
786	멀	2437	0.00004631
787	멸	2417	0.00004593
788	톤	2384	0.00004530
789	앉	2372	0.00004507
790	웅	2362	0.00004488
791	싼	2342	0.00004450
792	좀	2329	0.00004425
793	긍	2324	0.00004416
794	땅	2317	0.00004403
795	펜	2300	0.00004370
796	쓴	2295	0.00004361
797	쯤	2272	0.00004317
798	돕	2261	0.00004296
799	엑	2258	0.00004290
800	꾼	2245	0.00004266
801	횡	2237	0.00004251
802	톡	2231	0.00004239
803	붕	2217	0.00004213
804	Δ	2216	0.00004211
805	f	2200	0.00004180
806	샤	2192	0.00004165
807	b	2190	0.00004161
808	○	2179	0.00004140
809	겁	2172	0.00004127
810	짝	2169	0.00004121
811	묘	2162	0.00004108
812	탓	2161	0.00004106
813	닐	2155	0.00004095
814	윈	2143	0.00004072
815	꼬	2143	0.00004072
816	쌍	2133	0.00004053
817	펀	2130	0.00004047
818	읽	2109	0.00004007
819	v	2102	0.00003994
820	힐	2090	0.00003971
821	훼	2072	0.00003937
822	맺	2055	0.00003905
823	꼭	2053	0.00003901
824	묵	2051	0.00003897
825	멈	2044	0.00003884
826	렴	2040	0.00003876
827	ㄱ	2039	0.00003874
828	챙	2032	0.00003861
829	룸	2028	0.00003853
830	씬	2009	0.00003817
831	밥	1992	0.00003785
832	뒷	1990	0.00003781
833	뀌	1976	0.00003755
834	웹	1970	0.00003743
835	튼	1947	0.00003699
836	몬	1939	0.00003684
837	멤	1924	0.00003656
838	흑	1916	0.00003641
839	훨	1912	0.00003633
840	릿	1912	0.00003633
841	갤	1892	0.00003595
842	큐	1855	0.00003525
843	뷔	1849	0.00003513
844	퓨	1849	0.00003513
845	앨	1842	0.00003500
846	챔	1840	0.00003496
847	둥	1811	0.00003441
848	엠	1792	0.00003405
849	녁	1790	0.00003401
850	썼	1790	0.00003401
851	덴	1790	0.00003401
852	놨	1789	0.00003399
853	끈	1789	0.00003399
854	옷	1768	0.00003359
855	렬	1764	0.00003352
856	걷	1759	0.00003342
857	Q	1750	0.00003325
858	칸	1746	0.00003318
859	텍	1746	0.00003318
860	뽑	1705	0.00003240
861	짧	1703	0.00003236
862	펠	1685	0.00003202
863	롤	1680	0.00003192
864	옆	1669	0.00003171
865	w	1666	0.00003166
866	찌	1665	0.00003164
867	+	1612	0.00003063
868	뒀	1608	0.00003055
869	팝	1607	0.00003053
870	낌	1602	0.00003044
871	쾌	1602	0.00003044
872	겐	1602	0.00003044
873	릉	1598	0.00003036
874	흉	1590	0.00003021
875	㎡	1588	0.00003017
876	쓸	1587	0.00003015
877	랭	1549	0.00002943
878	므	1549	0.00002943
879	팎	1547	0.00002939
880	슴	1545	0.00002936
881	닷	1544	0.00002934
882	곽	1541	0.00002928
883	굳	1528	0.00002903
884	껴	1520	0.00002888
885	밑	1512	0.00002873
886	옛	1497	0.00002844
887	셋	1486	0.00002824
888	룡	1485	0.00002822
889	뿌	1474	0.00002801
890	깔	1468	0.00002789
891	쿄	1465	0.00002784
892	뱅	1437	0.00002730
893	밍	1429	0.00002715
894	룬	1422	0.00002702
895	톱	1421	0.00002700
896	췄	1415	0.00002689
897	굉	1414	0.00002687
898	솟	1405	0.00002670
899	숭	1392	0.00002645
900	밟	1373	0.00002609
901	랩	1369	0.00002601
902	쌀	1366	0.00002596
903	궤	1360	0.00002584
904	룰	1355	0.00002575
905	덤	1354	0.00002573
906	닫	1340	0.00002546
907	숲	1335	0.00002537
908	좁	1330	0.00002527
909	팡	1328	0.00002523
910	컸	1320	0.00002508
911	뚜	1320	0.00002508
912	튀	1320	0.00002508
913	쁘	1318	0.00002504
914	겹	1318	0.00002504
915	얀	1308	0.00002485
916	눠	1296	0.00002463
917	빵	1295	0.00002461
918	꼼	1294	0.00002459
919	꿔	1292	0.00002455
920	끔	1288	0.00002447
921	쥐	1279	0.00002430
922	팩	1278	0.00002428
923	깝	1276	0.00002425
924	잊	1272	0.00002417
925	²	1270	0.00002413
926	뭐	1264	0.00002402
927	듀	1261	0.00002396
928	뇨	1260	0.00002394
929	읍	1258	0.00002390
930	똑	1254	0.00002383
931	!	1247	0.00002369
932	첩	1242	0.00002360
933	빗	1238	0.00002352
934	샘	1218	0.00002314
935	꺾	1202	0.00002284
936	탱	1202	0.00002284
937	섯	1194	0.00002269
938	샌	1194	0.00002269
939	듬	1185	0.00002252
940	몽	1172	0.00002227
941	옵	1155	0.00002195
942	헨	1150	0.00002185
943	띄	1145	0.00002176
944	쏘	1145	0.00002176
945	꿀	1141	0.00002168
946	궐	1138	0.00002162
947	콤	1136	0.00002159
948	딜	1134	0.00002155
949	㎜	1132	0.00002151
950	쏠	1123	0.00002134
951	팽	1118	0.00002124
952	랍	1115	0.00002119
953	갱	1106	0.00002102
954	넥	1100	0.00002090
955	댓	1099	0.00002088
956	덮	1087	0.00002065
957	묶	1083	0.00002058
958	낭	1079	0.00002050
959	꼈	1072	0.00002037
960	벼	1062	0.00002018
961	퀴	1039	0.00001974
962	덩	1038	0.00001972
963	엽	1038	0.00001972
964	짚	1036	0.00001969
965	셰	1034	0.00001965
966	낀	1030	0.00001957
967	옹	1030	0.00001957
968	쁜	1028	0.00001953
969	멜	1027	0.00001951
970	벅	1025	0.00001948
971	떼	1015	0.00001929
972	픔	1011	0.00001921
973	깃	1009	0.00001917
974	쿨	1001	0.00001902
975	캡	995	0.00001891
976	낄	991	0.00001883
977	밸	977	0.00001856
978	尹	973	0.00001849
979	뼈	965	0.00001834
980	롬	963	0.00001830
981	븐	962	0.00001828
982	틸	961	0.00001826
983	잖	959	0.00001822
984	낳	958	0.00001820
985	틈	953	0.00001811
986	―	950	0.00001805
987	캘	950	0.00001805
988	딱	944	0.00001794
989	찮	940	0.00001786
990	핼	931	0.00001769
991	텝	927	0.00001761
992	훌	917	0.00001742
993	칩	906	0.00001721
994	깜	903	0.00001716
995	댄	895	0.00001701
996	셉	894	0.00001699
997	앗	888	0.00001687
998	숫	876	0.00001664
999	툰	875	0.00001663
1000	곰	866	0.00001645
1001	윌	855	0.00001625
1002	밴	844	0.00001604
1003	닿	844	0.00001604
1004	멍	840	0.00001596
1005	룩	833	0.00001583
1006	탠	832	0.00001581
1007	쇠	832	0.00001581
1008	x	832	0.00001581
1009	렷	831	0.00001579
1010	밭	827	0.00001571
1011	㈜	820	0.00001558
1012	껏	817	0.00001552
1013	멕	816	0.00001550
1014	캔	816	0.00001550
1015	휩	814	0.00001547
1016	섞	807	0.00001533
1017	샷	807	0.00001533
1018	랄	807	0.00001533
1019	괜	801	0.00001522
1020	쿼	798	0.00001516
1021	펙	794	0.00001509
1022	턱	793	0.00001507
1023	눌	790	0.00001501
1024	떡	777	0.00001476
1025	쫓	776	0.00001474
1026	됩	774	0.00001471
1027	햄	769	0.00001461
1028	윗	769	0.00001461
1029	엉	768	0.00001459
1030	멋	767	0.00001457
1031	눔	765	0.00001454
1032	컷	764	0.00001452
1033	팍	761	0.00001446
1034	앓	756	0.00001436
1035	갚	756	0.00001436
1036	붉	752	0.00001429
1037	팜	737	0.00001400
1038	닭	736	0.00001398
1039	쩌	734	0.00001395
1040	싫	724	0.00001376
1041	횟	721	0.00001370
1042	톨	718	0.00001364
1043	땐	714	0.00001357
1044	굿	713	0.00001355
1045	킥	712	0.00001353
1046	뤘	709	0.00001347
1047	맵	706	0.00001341
1048	휠	703	0.00001336
1049	닛	703	0.00001336
1050	딘	696	0.00001322
1051	륜	696	0.00001322
1052	켈	693	0.00001317
1053	뉘	692	0.00001315
1054	美	688	0.00001307
1055	넬	684	0.00001300
1056	첼	682	0.00001296
1057	㎝	681	0.00001294
1058	뻔	678	0.00001288
1059	캄	677	0.00001286
1060	흰	677	0.00001286
1061	몫	675	0.00001283
1062	쩍	671	0.00001275
1063	됨	668	0.00001269
1064	뚫	667	0.00001267
1065	띠	662	0.00001258
1066	녕	662	0.00001258
1067	칫	656	0.00001246
1068	눴	655	0.00001245
1069	쁨	650	0.00001235
1070	돋	650	0.00001235
1071	렘	649	0.00001233
1072	ㄴ	648	0.00001231
1073	뭔	640	0.00001216
1074	훔	640	0.00001216
1075	랬	637	0.00001210
1076	웰	636	0.00001208
1077	듈	634	0.00001205
1078	핸	628	0.00001193
1079	댐	627	0.00001191
1080	㎏	627	0.00001191
1081	낯	624	0.00001186
1082	둬	622	0.00001182
1083	콧	622	0.00001182
1084	쉐	620	0.00001178
1085	릎	614	0.00001167
1086	긋	612	0.00001163
1087	렁	612	0.00001163
1088	냄	606	0.00001151
1089	핫	603	0.00001146
1090	뀐	601	0.00001142
1091	잦	598	0.00001136
1092	뭉	594	0.00001129
1093	렛	592	0.00001125
1094	곁	585	0.00001112
1095	文	578	0.00001098
1096	톰	577	0.00001096
1097	딪	577	0.00001096
1098	펫	577	0.00001096
1099	놈	574	0.00001091
1100	《	563	0.00001070
1101	꼴	563	0.00001070
1102	뚝	562	0.00001068
1103	볍	561	0.00001066
1104	릇	559	0.00001062
1105	촛	549	0.00001043
1106	넉	548	0.00001041
1107	옳	546	0.00001037
1108	툼	543	0.00001032
1109	꿨	538	0.00001022
1110	z	538	0.00001022
1111	쪼	536	0.00001018
1112	뭄	534	0.00001015
1113	튬	529	0.00001005
1114	뤼	529	0.00001005
1115	붓	529	0.00001005
1116	킴	528	0.00001003
1117	깎	524	0.00000996
1118	땀	522	0.00000992
1119	갇	520	0.00000988
1120	찔	520	0.00000988
1121	故	515	0.00000979
1122	흙	514	0.00000977
1123	햇	512	0.00000973
1124	맘	509	0.00000967
1125	럿	505	0.00000960
1126	텀	502	0.00000954
1127	킷	493	0.00000937
1128	잎	492	0.00000935
1129	륭	490	0.00000931
1130	녔	488	0.00000927
1131	끗	486	0.00000923
1132	낫	486	0.00000923
1133	北	484	0.00000920
1134	헝	484	0.00000920
1135	촘	479	0.00000910
1136	곱	478	0.00000908
1137	돔	475	0.00000903
1138	‧	475	0.00000903
1139	숍	473	0.00000899
1140	엿	472	0.00000897
1141	옐	470	0.00000893
1142	흠	470	0.00000893
1143	뻐	466	0.00000885
1144	뮬	463	0.00000880
1145	갓	462	0.00000878
1146	슐	460	0.00000874
1147	닮	453	0.00000861
1148	핏	451	0.00000857
1149	쩔	448	0.00000851
1150	깐	447	0.00000849
1151	꽤	443	0.00000842
1152	中	441	0.00000838
1153	낚	441	0.00000838
1154	퀘	439	0.00000834
1155	》	438	0.00000832
1156	맙	437	0.00000830
1157	펑	436	0.00000828
1158	늄	432	0.00000821
1159	젖	431	0.00000819
1160	랴	428	0.00000813
1161	뭘	427	0.00000811
1162	첸	423	0.00000804
1163	잭	421	0.00000800
1164	펌	419	0.00000796
1165	슛	414	0.00000787
1166	툴	413	0.00000785
1167	둑	413	0.00000785
1168	켄	409	0.00000777
1169	쉼	407	0.00000773
1170	썸	404	0.00000768
1171	옴	403	0.00000766
1172	깥	398	0.00000756
1173	볶	397	0.00000754
1174	맑	393	0.00000747
1175	씻	393	0.00000747
1176	넌	390	0.00000741
1177	콕	390	0.00000741
1178	짙	386	0.00000733
1179	싣	385	0.00000732
1180	놔	382	0.00000726
1181	썩	381	0.00000724
1182	닦	379	0.00000720
1183	삽	379	0.00000720
1184	뭇	378	0.00000718
1185	얽	376	0.00000714
1186	앵	375	0.00000713
1187	딴	372	0.00000707
1188	넨	371	0.00000705
1189	딥	371	0.00000705
1190	꾀	369	0.00000701
1191	챌	369	0.00000701
1192	갯	369	0.00000701
1193	튿	365	0.00000694
1194	뜩	365	0.00000694
1195	샀	361	0.00000686
1196	뜬	360	0.00000684
1197	굽	359	0.00000682
1198	봅	358	0.00000680
1199	탔	358	0.00000680
1200	옌	357	0.00000678
1201	뀔	353	0.00000671
1202	뚱	352	0.00000669
1203	田	348	0.00000661
1204	붐	344	0.00000654
1205	뜰	343	0.00000652
1206	펄	341	0.00000648
1207	홋	338	0.00000642
1208	푼	337	0.00000640
1209	밋	337	0.00000640
1210	낡	334	0.00000635
1211	탬	334	0.00000635
1212	홉	334	0.00000635
1213	ⓒ	333	0.00000633
1214	뜯	331	0.00000629
1215	윙	330	0.00000627
1216	겉	328	0.00000623
1217	씌	328	0.00000623
1218	쏜	327	0.00000621
1219	잣	326	0.00000619
1220	싹	324	0.00000616
1221	숄	322	0.00000612
1222	팻	320	0.00000608
1223	낵	317	0.00000602
1224	늬	314	0.00000597
1225	늠	309	0.00000587
1226	멧	309	0.00000587
1227	줌	309	0.00000587
1228	륨	309	0.00000587
1229	덱	307	0.00000583
1230	깡	305	0.00000580
1231	뛴	304	0.00000578
1232	엣	302	0.00000574
1233	끓	302	0.00000574
1234	▶	302	0.00000574
1235	닙	301	0.00000572
1236	헛	301	0.00000572
1237	껍	300	0.00000570
1238	웬	298	0.00000566
1239	삿	297	0.00000564
1240	퓰	296	0.00000562
1241	퀸	296	0.00000562
1242	힙	295	0.00000561
1243	헐	295	0.00000561
1244	뺀	294	0.00000559
1245	렐	293	0.00000557
1246	샴	292	0.00000555
1247	얹	291	0.00000553
1248	×	290	0.00000551
1249	흩	290	0.00000551
1250	섹	290	0.00000551
1251	굵	289	0.00000549
1252	릅	288	0.00000547
1253	野	287	0.00000545
1254	日	286	0.00000543
1255	삐	286	0.00000543
1256	꽂	286	0.00000543
1257	샵	286	0.00000543
1258	對	285	0.00000542
1259	폈	282	0.00000536
1260	줍	282	0.00000536
1261	岸	280	0.00000532
1262	퉁	278	0.00000528
1263	셸	277	0.00000526
1264	安	277	0.00000526
1265	벳	277	0.00000526
1266	찢	277	0.00000526
1267	핍	276	0.00000524
1268	쥔	274	0.00000521
1269	콥	273	0.00000519
1270	뎌	273	0.00000519
1271	뽐	271	0.00000515
1272	껑	271	0.00000515
1273	젓	271	0.00000515
1274	밌	269	0.00000511
1275	빔	266	0.00000505
1276	똘	265	0.00000504
1277	뱃	265	0.00000504
1278	풋	264	0.00000502
1279	雄	263	0.00000500
1280	낱	262	0.00000498
1281	왓	261	0.00000496
1282	넸	260	0.00000494
1283	엎	260	0.00000494
1284	띈	258	0.00000490
1285	뻗	258	0.00000490
1286	슘	255	0.00000485
1287	딕	254	0.00000483
1288	콰	254	0.00000483
1289	뱉	253	0.00000481
1290	톈	252	0.00000479
1291	꽉	251	0.00000477
1292	쑤	248	0.00000471
1293	텃	247	0.00000469
1294	앰	247	0.00000469
1295	±	246	0.00000467
1296	뿜	246	0.00000467
1297	벙	246	0.00000467
1298	꽁	244	0.00000464
1299	딛	243	0.00000462
1300	벚	243	0.00000462
1301	與	242	0.00000460
1302	늑	242	0.00000460
1303	쑥	242	0.00000460
1304	퀄	239	0.00000454
1305	왈	235	0.00000447
1306	쭉	234	0.00000445
1307	팰	234	0.00000445
1308	反	231	0.00000439
1309	벡	230	0.00000437
1310	엮	230	0.00000437
1311	李	229	0.00000435
1312	韓	227	0.00000431
1313	新	225	0.00000428
1314	솜	225	0.00000428
1315	떳	224	0.00000426
1316	폄	224	0.00000426
1317	뱀	224	0.00000426
1318	돗	220	0.00000418
1319	깅	220	0.00000418
1320	빡	219	0.00000416
1321	ｍ	219	0.00000416
1322	섣	218	0.00000414
1323	괌	218	0.00000414
1324	ℓ	217	0.00000412
1325	平	216	0.00000410
1326	j	215	0.00000409
1327	非	213	0.00000405
1328	찼	212	0.00000403
1329	냅	211	0.00000401
1330	윔	210	0.00000399
1331	겔	210	0.00000399
1332	뺏	209	0.00000397
1333	짠	207	0.00000393
1334	㎥	207	0.00000393
1335	셴	206	0.00000391
1336	샐	205	0.00000390
1337	쐈	204	0.00000388
1338	끽	204	0.00000388
1339	챗	204	0.00000388
1340	샹	204	0.00000388
1341	웍	204	0.00000388
1342	퉈	203	0.00000386
1343	◇	203	0.00000386
1344	궈	202	0.00000384
1345	캉	202	0.00000384
1346	팟	199	0.00000378
1347	텨	199	0.00000378
1348	푹	197	0.00000374
1349	쥬	197	0.00000374
1350	얇	196	0.00000372
1351	팁	196	0.00000372
1352	젯	196	0.00000372
1353	굶	196	0.00000372
1354	썰	196	0.00000372
1355	뮌	195	0.00000371
1356	찐	195	0.00000371
1357	近	192	0.00000365
1358	뗐	192	0.00000365
1359	밈	192	0.00000365
1360	∙	192	0.00000365
1361	곶	190	0.00000361
1362	習	189	0.00000359
1363	쨌	189	0.00000359
1364	ㄷ	189	0.00000359
1365	탰	188	0.00000357
1366	댔	188	0.00000357
1367	三	187	0.00000355
1368	댈	187	0.00000355
1369	똥	186	0.00000353
1370	＞	186	0.00000353
1371	뽀	186	0.00000353
1372	쯔	185	0.00000352
1373	떴	184	0.00000350
1374	짱	183	0.00000348
1375	＜	183	0.00000348
1376	짖	182	0.00000346
1377	Ⅱ	182	0.00000346
1378	쿤	182	0.00000346
1379	쩡	181	0.00000344
1380	늙	181	0.00000344
1381	州	179	0.00000340
1382	찜	179	0.00000340
1383	쉴	176	0.00000334
1384	둠	176	0.00000334
1385	딤	175	0.00000333
1386	씹	174	0.00000331
1387	一	172	0.00000327
1388	챈	171	0.00000325
1389	꿇	171	0.00000325
1390	뿔	171	0.00000325
1391	핌	170	0.00000323
1392	人	170	0.00000323
1393	욘	169	0.00000321
1394	뉜	168	0.00000319
1395	뵙	168	0.00000319
1396	컫	163	0.00000310
1397	大	162	0.00000308
1398	칵	161	0.00000306
1399	맷	161	0.00000306
1400	씁	159	0.00000302
1401	팥	159	0.00000302
1402	㎾	158	0.00000300
1403	얄	158	0.00000300
1404	㏊	157	0.00000298
1405	텅	156	0.00000296
1406	룽	156	0.00000296
1407	넛	153	0.00000291
1408	랏	151	0.00000287
1409	山	151	0.00000287
1410	쿵	151	0.00000287
1411	팸	150	0.00000285
1412	心	150	0.00000285
1413	툭	150	0.00000285
1414	퀵	148	0.00000281
1415	캣	148	0.00000281
1416	띤	147	0.00000279
1417	귤	147	0.00000279
1418	q	147	0.00000279
1419	↑	147	0.00000279
1420	高	146	0.00000277
1421	國	145	0.00000276
1422	샬	145	0.00000276
1423	딧	145	0.00000276
1424	맏	143	0.00000272
1425	씽	143	0.00000272
1426	東	143	0.00000272
1427	빽	143	0.00000272
1428	췌	143	0.00000272
1429	꿰	143	0.00000272
1430	퀀	141	0.00000268
1431	볕	140	0.00000266
1432	숱	139	0.00000264
1433	걀	139	0.00000264
1434	썬	139	0.00000264
1435	갭	139	0.00000264
1436	랠	138	0.00000262
1437	큘	133	0.00000253
1438	쏴	132	0.00000251
1439	텁	131	0.00000249
1440	팠	129	0.00000245
1441	탭	129	0.00000245
1442	뺨	127	0.00000241
1443	탤	127	0.00000241
1444	英	127	0.00000241
1445	펭	127	0.00000241
1446	눕	127	0.00000241
1447	℃	127	0.00000241
1448	戰	126	0.00000239
1449	땄	125	0.00000238
1450	％	125	0.00000238
1451	倍	123	0.00000234
1452	킵	123	0.00000234
1453	룻	122	0.00000232
1454	깁	122	0.00000232
1455	뜸	122	0.00000232
1456	긁	122	0.00000232
1457	軍	119	0.00000226
1458	덥	119	0.00000226
1459	晋	118	0.00000224
1460	챠	118	0.00000224
1461	섀	118	0.00000224
1462	親	117	0.00000222
1463	짤	117	0.00000222
1464	댕	117	0.00000222
1465	㎢	117	0.00000222
1466	뛸	116	0.00000220
1467	잼	116	0.00000220
1468	㎍	116	0.00000220
1469	깬	115	0.00000219
1470	쐐	115	0.00000219
1471	둡	115	0.00000219
1472	王	113	0.00000215
1473	쿡	113	0.00000215
1474	不	113	0.00000215
1475	댁	113	0.00000215
1476	뻑	112	0.00000213
1477	숏	112	0.00000213
1478	땠	112	0.00000213
1479	씰	112	0.00000213
1480	츄	112	0.00000213
1481	ㆍ	112	0.00000213
1482	늪	111	0.00000211
1483	솥	111	0.00000211
1484	춥	111	0.00000211
1485	틔	111	0.00000211
1486	헥	111	0.00000211
1487	퐁	111	0.00000211
1488	훗	110	0.00000209
1489	즙	110	0.00000209
1490	靑	109	0.00000207
1491	샅	109	0.00000207
1492	겟	109	0.00000207
1493	덟	108	0.00000205
1494	쎄	108	0.00000205
1495	正	107	0.00000203
1496	텼	106	0.00000201
1497	金	106	0.00000201
1498	뽕	105	0.00000200
1499	前	104	0.00000198
1500	셧	104	0.00000198
1501	無	103	0.00000196
1502	귄	103	0.00000196
1503	좇	102	0.00000194
1504	쉰	102	0.00000194
1505	샛	102	0.00000194
1506	컥	101	0.00000192
1507	檢	100	0.00000190
1508	※	100	0.00000190
1509	짊	100	0.00000190
1510	넋	99	0.00000188
1511	켐	99	0.00000188
1512	믈	98	0.00000186
1513	島	98	0.00000186
1514	몄	97	0.00000184
1515	先	97	0.00000184
1516	맴	97	0.00000184
1517	쇳	96	0.00000182
1518	뾰	95	0.00000181
1519	子	95	0.00000181
1520	②	94	0.00000179
1521	헷	94	0.00000179
1522	①	93	0.00000177
1523	륵	93	0.00000177
1524	쓱	93	0.00000177
1525	틋	92	0.00000175
1526	댑	92	0.00000175
1527	꿋	92	0.00000175
1528	얏	91	0.00000173
1529	땡	91	0.00000173
1530	앳	90	0.00000171
1531	얕	89	0.00000169
1532	뎠	88	0.00000167
1533	쁠	88	0.00000167
1534	짬	88	0.00000167
1535	롄	88	0.00000167
1536	펩	88	0.00000167
1537	츰	87	0.00000165
1538	궜	86	0.00000163
1539	깼	85	0.00000162
1540	잿	85	0.00000162
1541	빴	84	0.00000160
1542	쌌	84	0.00000160
1543	띔	83	0.00000158
1544	뺐	83	0.00000158
1545	뻤	83	0.00000158
1546	볐	83	0.00000158
1547	〈	83	0.00000158
1548	〉	83	0.00000158
1549	윽	82	0.00000156
1550	튠	82	0.00000156
1551	훑	82	0.00000156
1552	天	82	0.00000156
1553	팹	81	0.00000154
1554	윳	81	0.00000154
1555	㎖	81	0.00000154
1556	엌	80	0.00000152
1557	춧	80	0.00000152
1558	㎿	80	0.00000152
1559	③	78	0.00000148
1560	☎	78	0.00000148
1561	찻	78	0.00000148
1562	小	78	0.00000148
1563	녜	77	0.00000146
1564	꼰	77	0.00000146
1565	㎎	77	0.00000146
1566	몹	76	0.00000144
1567	京	76	0.00000144
1568	괘	76	0.00000144
1569	林	75	0.00000143
1570	옅	75	0.00000143
1571	道	75	0.00000143
1572	덫	74	0.00000141
1573	뻥	74	0.00000141
1574	꾹	74	0.00000141
1575	탯	74	0.00000141
1576	上	74	0.00000141
1577	家	73	0.00000139
1578	쌈	73	0.00000139
1579	發	72	0.00000137
1580	촨	72	0.00000137
1581	쫄	72	0.00000137
1582	썹	71	0.00000135
1583	뵈	71	0.00000135
1584	뗀	70	0.00000133
1585	숟	70	0.00000133
1586	μ	70	0.00000133
1587	꽝	69	0.00000131
1588	뎀	69	0.00000131
1589	民	69	0.00000131
1590	쉘	69	0.00000131
1591	앴	68	0.00000129
1592	．	68	0.00000129
1593	뺑	67	0.00000127
1594	神	67	0.00000127
1595	`	66	0.00000125
1596	쏙	66	0.00000125
1597	性	66	0.00000125
1598	海	66	0.00000125
1599	生	66	0.00000125
1600	돐	66	0.00000125
1601	明	66	0.00000125
1602	랗	65	0.00000124
1603	헹	65	0.00000124
1604	깍	65	0.00000124
1605	α	64	0.00000122
1606	水	64	0.00000122
1607	왠	63	0.00000120
1608	훤	63	0.00000120
1609	젬	63	0.00000120
1610	뻘	63	0.00000120
1611	¤	63	0.00000120
1612	튕	62	0.00000118
1613	市	62	0.00000118
1614	껄	62	0.00000118
1615	南	62	0.00000118
1616	쾅	62	0.00000118
1617	싯	62	0.00000118
1618	公	62	0.00000118
1619	後	61	0.00000116
1620	↓	61	0.00000116
1621	–	60	0.00000114
1622	◆	60	0.00000114
1623	셌	60	0.00000114
1624	웜	60	0.00000114
1625	福	60	0.00000114
1626	듦	60	0.00000114
1627	밧	59	0.00000112
1628	自	59	0.00000112
1629	켠	58	0.00000110
1630	年	58	0.00000110
1631	뼛	58	0.00000110
1632	ㅡ	58	0.00000110
1633	쎈	58	0.00000110
1634	長	58	0.00000110
1635	깻	57	0.00000108
1636	▽	57	0.00000108
1637	훅	56	0.00000106
1638	숯	56	0.00000106
1639	Ⅰ	56	0.00000106
1640	毅	55	0.00000105
1641	껐	55	0.00000105
1642	⅔	55	0.00000105
1643	地	55	0.00000105
1644	芳	54	0.00000103
1645	博	54	0.00000103
1646	黨	54	0.00000103
1647	텡	53	0.00000101
1648	맣	53	0.00000101
1649	잤	53	0.00000101
1650	死	53	0.00000101
1651	者	53	0.00000101
1652	脫	52	0.00000099
1653	松	52	0.00000099
1654	㎓	52	0.00000099
1655	튤	52	0.00000099
1656	닳	52	0.00000099
1657	江	52	0.00000099
1658	댠	52	0.00000099
1659	썽	52	0.00000099
1660	³	52	0.00000099
1661	괭	52	0.00000099
1662	法	52	0.00000099
1663	뫼	52	0.00000099
1664	﻿	52	0.00000099
1665	西	52	0.00000099
1666	․	52	0.00000099
1667	껌	51	0.00000097
1668	엡	51	0.00000097
1669	꾜	51	0.00000097
1670	윅	51	0.00000097
1671	쭈	51	0.00000097
1672	샨	50	0.00000095
1673	事	50	0.00000095
1674	얌	50	0.00000095
1675	本	50	0.00000095
1676	갸	50	0.00000095
1677	왁	50	0.00000095
1678	뇽	50	0.00000095
1679	얗	49	0.00000093
1680	맬	49	0.00000093
1681	눅	49	0.00000093
1682	佛	49	0.00000093
1683	書	49	0.00000093
1684	녘	49	0.00000093
1685	읊	49	0.00000093
1686	門	48	0.00000091
1687	켤	48	0.00000091
1688	ㄹ	48	0.00000091
1689	뎅	48	0.00000091
1690	仁	48	0.00000091
1691	훙	48	0.00000091
1692	빕	47	0.00000089
1693	ㅇ	47	0.00000089
1694	줏	47	0.00000089
1695	쥴	47	0.00000089
1696	政	47	0.00000089
1697	風	47	0.00000089
1698	･	47	0.00000089
1699	큽	46	0.00000087
1700	숀	46	0.00000087
1701	朴	46	0.00000087
1702	쑨	46	0.00000087
1703	和	46	0.00000087
1704	뻣	46	0.00000087
1705	폿	46	0.00000087
1706	木	45	0.00000086
1707	챕	45	0.00000086
1708	귓	45	0.00000086
1709	化	45	0.00000086
1710	都	45	0.00000086
1711	石	45	0.00000086
1712	홧	44	0.00000084
1713	쩐	44	0.00000084
1714	궂	44	0.00000084
1715	갉	44	0.00000084
1716	⅓	44	0.00000084
1717	슭	44	0.00000084
1718	私	44	0.00000084
1719	院	43	0.00000082
1720	産	43	0.00000082
1721	셍	43	0.00000082
1722	긱	43	0.00000082
1723	렙	43	0.00000082
1724	뿍	42	0.00000080
1725	主	42	0.00000080
1726	同	42	0.00000080
1727	富	42	0.00000080
1728	둣	42	0.00000080
1729	찝	42	0.00000080
1730	웡	41	0.00000078
1731	뚤	41	0.00000078
1732	굣	41	0.00000078
1733	촐	41	0.00000078
1734	光	41	0.00000078
1735	古	41	0.00000078
1736	聖	41	0.00000078
1737	벵	41	0.00000078
1738	川	41	0.00000078
1739	꼿	41	0.00000078
1740	렝	41	0.00000078
1741	ㅅ	41	0.00000078
1742	葬	40	0.00000076
1743	夫	40	0.00000076
1744	챘	40	0.00000076
1745	퀼	40	0.00000076
1746	퍽	40	0.00000076
1747	꿍	40	0.00000076
1748	龍	40	0.00000076
1749	敵	39	0.00000074
1750	뺄	39	0.00000074
1751	쬐	39	0.00000074
1752	멩	39	0.00000074
1753	찡	39	0.00000074
1754	之	39	0.00000074
1755	;	38	0.00000072
1756	全	38	0.00000072
1757	쥘	38	0.00000072
1758	立	38	0.00000072
1759	펍	38	0.00000072
1760	뒹	38	0.00000072
1761	띵	38	0.00000072
1762	헴	38	0.00000072
1763	*	37	0.00000070
1764	짰	37	0.00000070
1765	限	37	0.00000070
1766	母	37	0.00000070
1767	넵	37	0.00000070
1768	꽈	37	0.00000070
1769	行	37	0.00000070
1770	맸	37	0.00000070
1771	엥	37	0.00000070
1772	知	37	0.00000070
1773	닻	36	0.00000068
1774	佐	36	0.00000068
1775	댜	36	0.00000068
1776	넜	36	0.00000068
1777	父	36	0.00000068
1778	잰	36	0.00000068
1779	網	36	0.00000068
1780	슝	36	0.00000068
1781	쟈	36	0.00000068
1782	强	36	0.00000068
1783	콴	36	0.00000068
1784	太	36	0.00000068
1785	逆	35	0.00000067
1786	갛	35	0.00000067
1787	渡	35	0.00000067
1788	社	35	0.00000067
1789	늉	35	0.00000067
1790	겅	35	0.00000067
1791	官	35	0.00000067
1792	時	35	0.00000067
1793	웁	35	0.00000067
1794	쐬	35	0.00000067
1795	会	35	0.00000067
1796	超	34	0.00000065
1797	쟤	34	0.00000065
1798	義	34	0.00000065
1799	勞	34	0.00000065
1800	㎚	34	0.00000065
1801	郞	34	0.00000065
1802	名	34	0.00000065
1803	깰	33	0.00000063
1804	텄	33	0.00000063
1805	詩	33	0.00000063
1806	켑	33	0.00000063
1807	史	33	0.00000063
1808	Ⅲ	33	0.00000063
1809	옻	33	0.00000063
1810	뱌	33	0.00000063
1811	下	33	0.00000063
1812	ㅎ	33	0.00000063
1813	春	33	0.00000063
1814	엊	32	0.00000061
1815	④	32	0.00000061
1816	숑	32	0.00000061
1817	業	32	0.00000061
1818	九	32	0.00000061
1819	딨	32	0.00000061
1820	땜	32	0.00000061
1821	重	32	0.00000061
1822	갠	32	0.00000061
1823	手	32	0.00000061
1824	德	32	0.00000061
1825	白	32	0.00000061
1826	女	32	0.00000061
1827	馬	32	0.00000061
1828	솎	32	0.00000061
1829	뷸	32	0.00000061
1830	兩	32	0.00000061
1831	成	32	0.00000061
1832	宮	32	0.00000061
1833	슌	31	0.00000059
1834	信	31	0.00000059
1835	텟	31	0.00000059
1836	퉜	31	0.00000059
1837	돛	31	0.00000059
1838	냔	31	0.00000059
1839	쏭	31	0.00000059
1840	圖	31	0.00000059
1841	省	30	0.00000057
1842	竹	30	0.00000057
1843	쫑	30	0.00000057
1844	共	30	0.00000057
1845	獨	30	0.00000057
1846	眞	30	0.00000057
1847	頭	30	0.00000057
1848	젼	30	0.00000057
1849	헀	30	0.00000057
1850	朝	30	0.00000057
1851	쭐	30	0.00000057
1852	陽	30	0.00000057
1853	멎	30	0.00000057
1854	꿉	30	0.00000057
1855	ㅁ	30	0.00000057
1856	퇀	30	0.00000057
1857	ㅋ	30	0.00000057
1858	巨	29	0.00000055
1859	令	29	0.00000055
1860	物	29	0.00000055
1861	舊	29	0.00000055
1862	떄	29	0.00000055
1863	쾃	29	0.00000055
1864	듐	29	0.00000055
1865	城	29	0.00000055
1866	相	29	0.00000055
1867	꺽	29	0.00000055
1868	놉	29	0.00000055
1869	過	28	0.00000053
1870	原	28	0.00000053
1871	張	28	0.00000053
1872	華	28	0.00000053
1873	志	28	0.00000053
1874	學	28	0.00000053
1875	五	28	0.00000053
1876	냇	28	0.00000053
1877	낍	27	0.00000051
1878	뼉	27	0.00000051
1879	뮐	27	0.00000051
1880	튈	27	0.00000051
1881	進	27	0.00000051
1882	뵐	27	0.00000051
1883	벰	27	0.00000051
1884	캇	27	0.00000051
1885	뀜	27	0.00000051
1886	男	27	0.00000051
1887	숴	27	0.00000051
1888	章	27	0.00000051
1889	힝	27	0.00000051
1890	펨	27	0.00000051
1891	報	27	0.00000051
1892	愛	27	0.00000051
1893	쑹	27	0.00000051
1894	口	27	0.00000051
1895	內	27	0.00000051
1896	火	27	0.00000051
1897	ㅈ	27	0.00000051
1898	角	26	0.00000049
1899	也	26	0.00000049
1900	퓸	26	0.00000049
1901	눗	26	0.00000049
1902	펐	26	0.00000049
1903	횃	26	0.00000049
1904	代	26	0.00000049
1905	治	26	0.00000049
1906	星	26	0.00000049
1907	쌩	26	0.00000049
1908	百	26	0.00000049
1909	閣	25	0.00000048
1910	路	25	0.00000048
1911	쪄	25	0.00000048
1912	半	25	0.00000048
1913	끙	25	0.00000048
1914	老	25	0.00000048
1915	캥	25	0.00000048
1916	꿩	25	0.00000048
1917	寺	25	0.00000048
1918	經	25	0.00000048
1919	쭤	25	0.00000048
1920	會	25	0.00000048
1921	띨	24	0.00000046
1922	빤	24	0.00000046
1923	澤	24	0.00000046
1924	裕	24	0.00000046
1925	善	24	0.00000046
1926	멱	24	0.00000046
1927	功	24	0.00000046
1928	四	24	0.00000046
1929	有	24	0.00000046
1930	言	24	0.00000046
1931	짭	24	0.00000046
1932	욜	24	0.00000046
1933	캅	24	0.00000046
1934	禪	23	0.00000044
1935	車	23	0.00000044
1936	솨	23	0.00000044
1937	武	23	0.00000044
1938	ᄋ	23	0.00000044
1939	合	23	0.00000044
1940	通	23	0.00000044
1941	뎁	23	0.00000044
1942	톳	23	0.00000044
1943	玉	23	0.00000044
1944	蔡	22	0.00000042
1945	₂	22	0.00000042
1946	寅	22	0.00000042
1947	良	22	0.00000042
1948	食	22	0.00000042
1949	햅	22	0.00000042
1950	윷	22	0.00000042
1951	뭍	22	0.00000042
1952	쳇	22	0.00000042
1953	利	22	0.00000042
1954	土	22	0.00000042
1955	葉	22	0.00000042
1956	所	22	0.00000042
1957	部	22	0.00000042
1958	탉	22	0.00000042
1959	쿱	22	0.00000042
1960	的	22	0.00000042
1961	㎧	22	0.00000042
1962	学	22	0.00000042
1963	花	22	0.00000042
1964	꿎	21	0.00000040
1965	힉	21	0.00000040
1966	徹	21	0.00000040
1967	죗	21	0.00000040
1968	趙	21	0.00000040
1969	쾰	21	0.00000040
1970	좡	21	0.00000040
1971	휙	21	0.00000040
1972	寧	21	0.00000040
1973	씸	21	0.00000040
1974	亞	21	0.00000040
1975	月	21	0.00000040
1976	見	21	0.00000040
1977	空	21	0.00000040
1978	ㅠ	21	0.00000040
1979	雲	21	0.00000040
1980	㏄	21	0.00000040
1981	밉	21	0.00000040
1982	字	21	0.00000040
1983	作	21	0.00000040
1984	十	21	0.00000040
1985	歌	21	0.00000040
1986	士	21	0.00000040
1987	方	21	0.00000040
1988	畵	21	0.00000040
1989	理	21	0.00000040
1990	汪	20	0.00000038
1991	災	20	0.00000038
1992	욤	20	0.00000038
1993	쉑	20	0.00000038
1994	稅	20	0.00000038
1995	權	20	0.00000038
1996	吉	20	0.00000038
1997	落	20	0.00000038
1998	뗏	20	0.00000038
1999	뵀	20	0.00000038
2000	믜	20	0.00000038
2001	ㅂ	20	0.00000038
2002	宗	20	0.00000038
2003	定	20	0.00000038
2004	氣	20	0.00000038
2005	康	20	0.00000038
2006	村	20	0.00000038
2007	볜	20	0.00000038
2008	뮈	20	0.00000038
2009	・	20	0.00000038
2010	㎩	20	0.00000038
2011	二	20	0.00000038
2012	樂	20	0.00000038
2013	튄	19	0.00000036
2014	企	19	0.00000036
2015	區	19	0.00000036
2016	땔	19	0.00000036
2017	多	19	0.00000036
2018	亂	19	0.00000036
2019	低	19	0.00000036
2020	쏸	19	0.00000036
2021	力	19	0.00000036
2022	館	19	0.00000036
2023	藤	19	0.00000036
2024	久	19	0.00000036
2025	崎	19	0.00000036
2026	首	19	0.00000036
2027	屋	19	0.00000036
2028	헵	19	0.00000036
2029	ー	19	0.00000036
2030	師	19	0.00000036
2031	節	19	0.00000036
2032	뮨	19	0.00000036
2033	智	19	0.00000036
2034	在	19	0.00000036
2035	園	19	0.00000036
2036	農	19	0.00000036
2037	體	19	0.00000036
2038	뺌	19	0.00000036
2039	議	19	0.00000036
2040	壬	18	0.00000034
2041	쁩	18	0.00000034
2042	뷴	18	0.00000034
2043	奈	18	0.00000034
2044	뱐	18	0.00000034
2045	姓	18	0.00000034
2046	쫀	18	0.00000034
2047	夜	18	0.00000034
2048	失	18	0.00000034
2049	群	18	0.00000034
2050	얍	18	0.00000034
2051	걔	18	0.00000034
2052	콸	18	0.00000034
2053	球	18	0.00000034
2054	異	18	0.00000034
2055	流	18	0.00000034
2056	護	18	0.00000034
2057	ᆫ	18	0.00000034
2058	面	18	0.00000034
2059	形	18	0.00000034
2060	㎛	18	0.00000034
2061	衛	18	0.00000034
2062	萬	18	0.00000034
2063	雪	18	0.00000034
2064	錢	17	0.00000032
2065	斌	17	0.00000032
2066	組	17	0.00000032
2067	뵌	17	0.00000032
2068	웸	17	0.00000032
2069	삥	17	0.00000032
2070	肉	17	0.00000032
2071	劉	17	0.00000032
2072	丹	17	0.00000032
2073	展	17	0.00000032
2074	鮮	17	0.00000032
2075	如	17	0.00000032
2076	괵	17	0.00000032
2077	왑	17	0.00000032
2078	深	17	0.00000032
2079	種	17	0.00000032
2080	곪	17	0.00000032
2081	옭	17	0.00000032
2082	茶	17	0.00000032
2083	命	17	0.00000032
2084	而	17	0.00000032
2085	솝	17	0.00000032
2086	쪘	17	0.00000032
2087	핥	17	0.00000032
2088	制	17	0.00000032
2089	分	17	0.00000032
2090	河	17	0.00000032
2091	連	17	0.00000032
2092	臺	17	0.00000032
2093	굼	17	0.00000032
2094	힛	17	0.00000032
2095	넝	17	0.00000032
2096	믄	17	0.00000032
2097	岡	17	0.00000032
2098	記	17	0.00000032
2099	永	17	0.00000032
2100	堂	17	0.00000032
2101	찹	17	0.00000032
2102	㉠	17	0.00000032
2103	元	16	0.00000030
2104	옇	16	0.00000030
2105	帶	16	0.00000030
2106	뉼	16	0.00000030
2107	由	16	0.00000030
2108	司	16	0.00000030
2109	必	16	0.00000030
2110	動	16	0.00000030
2111	職	16	0.00000030
2112	越	16	0.00000030
2113	克	16	0.00000030
2114	〃	16	0.00000030
2115	虎	16	0.00000030
2116	쌤	16	0.00000030
2117	쨍	16	0.00000030
2118	°	16	0.00000030
2119	é	16	0.00000030
2120	像	16	0.00000030
2121	兵	16	0.00000030
2122	防	16	0.00000030
2123	校	16	0.00000030
2124	県	16	0.00000030
2125	㎉	16	0.00000030
2126	뉠	15	0.00000029
2127	鈴	15	0.00000029
2128	俊	15	0.00000029
2129	쫙	15	0.00000029
2130	菜	15	0.00000029
2131	栗	15	0.00000029
2132	羊	15	0.00000029
2133	솽	15	0.00000029
2134	選	15	0.00000029
2135	數	15	0.00000029
2136	族	15	0.00000029
2137	甲	15	0.00000029
2138	終	15	0.00000029
2139	千	15	0.00000029
2140	寶	15	0.00000029
2141	建	15	0.00000029
2142	胡	15	0.00000029
2143	場	15	0.00000029
2144	訪	15	0.00000029
2145	섶	15	0.00000029
2146	찧	15	0.00000029
2147	랸	15	0.00000029
2148	円	15	0.00000029
2149	壽	15	0.00000029
2150	圓	15	0.00000029
2151	位	15	0.00000029
2152	健	15	0.00000029
2153	居	15	0.00000029
2154	剛	15	0.00000029
2155	飛	15	0.00000029
2156	궉	15	0.00000029
2157	캑	15	0.00000029
2158	㎐	15	0.00000029
2159	典	15	0.00000029
2160	害	15	0.00000029
2161	常	15	0.00000029
2162	樹	15	0.00000029
2163	府	15	0.00000029
2164	漢	15	0.00000029
2165	直	15	0.00000029
2166	里	15	0.00000029
2167	船	15	0.00000029
2168	血	15	0.00000029
2169	／	15	0.00000029
2170	）	15	0.00000029
2171	回	15	0.00000029
2172	銀	15	0.00000029
2173	禁	14	0.00000027
2174	案	14	0.00000027
2175	羽	14	0.00000027
2176	修	14	0.00000027
2177	땋	14	0.00000027
2178	렜	14	0.00000027
2179	靜	14	0.00000027
2180	옙	14	0.00000027
2181	現	14	0.00000027
2182	뎃	14	0.00000027
2183	볏	14	0.00000027
2184	뮴	14	0.00000027
2185	賀	14	0.00000027
2186	믐	14	0.00000027
2187	갗	14	0.00000027
2188	쌉	14	0.00000027
2189	푯	14	0.00000027
2190	外	14	0.00000027
2191	視	14	0.00000027
2192	工	14	0.00000027
2193	溫	14	0.00000027
2194	秋	14	0.00000027
2195	苦	14	0.00000027
2196	黑	14	0.00000027
2197	＋	14	0.00000027
2198	탸	14	0.00000027
2199	촹	14	0.00000027
2200	「	14	0.00000027
2201	宇	14	0.00000027
2202	守	14	0.00000027
2203	惡	14	0.00000027
2204	未	14	0.00000027
2205	藏	14	0.00000027
2206	淸	14	0.00000027
2207	컹	14	0.00000027
2208	論	14	0.00000027
2209	（	14	0.00000027
2210	解	14	0.00000027
2211	入	14	0.00000027
2212	」	14	0.00000027
2213	귈	13	0.00000025
2214	섐	13	0.00000025
2215	휑	13	0.00000025
2216	乙	13	0.00000025
2217	辭	13	0.00000025
2218	勢	13	0.00000025
2219	狗	13	0.00000025
2220	港	13	0.00000025
2221	냑	13	0.00000025
2222	際	13	0.00000025
2223	期	13	0.00000025
2224	孝	13	0.00000025
2225	빱	13	0.00000025
2226	津	13	0.00000025
2227	易	13	0.00000025
2228	思	13	0.00000025
2229	改	13	0.00000025
2230	뎬	13	0.00000025
2231	個	13	0.00000025
2232	臣	13	0.00000025
2233	紙	13	0.00000025
2234	團	13	0.00000025
2235	奇	13	0.00000025
2236	넴	13	0.00000025
2237	룟	13	0.00000025
2238	㏈	13	0.00000025
2239	第	13	0.00000025
2240	電	13	0.00000025
2241	町	13	0.00000025
2242	印	13	0.00000025
2243	求	13	0.00000025
2244	爲	13	0.00000025
2245	是	13	0.00000025
2246	景	13	0.00000025
2247	線	13	0.00000025
2248	鶴	13	0.00000025
2249	造	13	0.00000025
2250	쵸	13	0.00000025
2251	管	13	0.00000025
2252	ン	13	0.00000025
2253	紅	13	0.00000025
2254	身	13	0.00000025
2255	靈	13	0.00000025
2256	泡	12	0.00000023
2257	最	12	0.00000023
2258	偉	12	0.00000023
2259	號	12	0.00000023
2260	靖	12	0.00000023
2261	엷	12	0.00000023
2262	젭	12	0.00000023
2263	겜	12	0.00000023
2264	샜	12	0.00000023
2265	쿰	12	0.00000023
2266	듄	12	0.00000023
2267	那	12	0.00000023
2268	廣	12	0.00000023
2269	沖	12	0.00000023
2270	쎌	12	0.00000023
2271	盧	12	0.00000023
2272	ᅡ	12	0.00000023
2273	ᄌ	12	0.00000023
2274	ᅬ	12	0.00000023
2275	坂	12	0.00000023
2276	喜	12	0.00000023
2277	池	12	0.00000023
2278	表	12	0.00000023
2279	弔	12	0.00000023
2280	旗	12	0.00000023
2281	熱	12	0.00000023
2282	陰	12	0.00000023
2283	雨	12	0.00000023
2284	쳉	12	0.00000023
2285	뼘	12	0.00000023
2286	＆	12	0.00000023
2287	難	12	0.00000023
2288	井	12	0.00000023
2289	處	12	0.00000023
2290	任	12	0.00000023
2291	の	12	0.00000023
2292	祭	12	0.00000023
2293	間	12	0.00000023
2294	我	12	0.00000023
2295	語	12	0.00000023
2296	音	12	0.00000023
2297	敎	12	0.00000023
2298	八	12	0.00000023
2299	破	12	0.00000023
2300	헙	12	0.00000023
2301	뜀	12	0.00000023
2302	룀	12	0.00000023
2303	뿅	12	0.00000023
2304	～	12	0.00000023
2305	來	12	0.00000023
2306	＿	12	0.00000023
2307	国	12	0.00000023
2308	橋	12	0.00000023
2309	舞	12	0.00000023
2310	員	12	0.00000023
2311	務	12	0.00000023
2312	•	11	0.00000021
2313	堅	11	0.00000021
2314	準	11	0.00000021
2315	萩	11	0.00000021
2316	兆	11	0.00000021
2317	曉	11	0.00000021
2318	쉈	11	0.00000021
2319	Ⅳ	11	0.00000021
2320	慶	11	0.00000021
2321	嘉	11	0.00000021
2322	庫	11	0.00000021
2323	뭣	11	0.00000021
2324	쩜	11	0.00000021
2325	⑤	11	0.00000021
2326	彈	11	0.00000021
2327	갰	11	0.00000021
2328	쌔	11	0.00000021
2329	友	11	0.00000021
2330	格	11	0.00000021
2331	夏	11	0.00000021
2332	運	11	0.00000021
2333	森	11	0.00000021
2334	票	11	0.00000021
2335	毛	11	0.00000021
2336	蘇	11	0.00000021
2337	觀	11	0.00000021
2338	話	11	0.00000021
2339	슥	11	0.00000021
2340	領	11	0.00000021
2341	™	11	0.00000021
2342	律	11	0.00000021
2343	情	11	0.00000021
2344	㈔	11	0.00000021
2345	鳥	11	0.00000021
2346	攻	11	0.00000021
2347	殺	11	0.00000021
2348	住	11	0.00000021
2349	器	11	0.00000021
2350	刑	11	0.00000021
2351	足	11	0.00000021
2352	世	11	0.00000021
2353	指	11	0.00000021
2354	服	11	0.00000021
2355	用	11	0.00000021
2356	財	11	0.00000021
2357	局	11	0.00000021
2358	色	11	0.00000021
2359	歸	11	0.00000021
2360	關	11	0.00000021
2361	陳	11	0.00000021
2362	넙	11	0.00000021
2363	먀	11	0.00000021
2364	퓌	11	0.00000021
2365	짢	11	0.00000021
2366	톺	11	0.00000021
2367	帝	11	0.00000021
2368	出	11	0.00000021
2369	曲	11	0.00000021
2370	實	11	0.00000021
2371	禮	11	0.00000021
2372	點	11	0.00000021
2373	齋	11	0.00000021
2374	輸	10	0.00000019
2375	鄧	10	0.00000019
2376	멓	10	0.00000019
2377	乳	10	0.00000019
2378	宋	10	0.00000019
2379	浜	10	0.00000019
2380	因	10	0.00000019
2381	閉	10	0.00000019
2382	잽	10	0.00000019
2383	죌	10	0.00000019
2384	챱	10	0.00000019
2385	精	10	0.00000019
2386	施	10	0.00000019
2387	科	10	0.00000019
2388	縣	10	0.00000019
2389	茂	10	0.00000019
2390	鹿	10	0.00000019
2391	뙤	10	0.00000019
2392	곗	10	0.00000019
2393	ᄀ	10	0.00000019
2394	ᆨ	10	0.00000019
2395	ᅥ	10	0.00000019
2396	ᅴ	10	0.00000019
2397	倭	10	0.00000019
2398	宣	10	0.00000019
2399	泉	10	0.00000019
2400	純	10	0.00000019
2401	根	10	0.00000019
2402	徐	10	0.00000019
2403	鄭	10	0.00000019
2404	鳳	10	0.00000019
2405	彦	10	0.00000019
2406	웻	10	0.00000019
2407	걍	10	0.00000019
2408	ㅤ	10	0.00000019
2409	保	10	0.00000019
2410	感	10	0.00000019
2411	達	10	0.00000019
2412	影	10	0.00000019
2413	吳	10	0.00000019
2414	艦	10	0.00000019
2415	油	10	0.00000019
2416	價	10	0.00000019
2417	洞	10	0.00000019
2418	樓	10	0.00000019
2419	犬	10	0.00000019
2420	草	10	0.00000019
2421	說	10	0.00000019
2422	開	10	0.00000019
2423	起	10	0.00000019
2424	덖	10	0.00000019
2425	쌕	10	0.00000019
2426	病	10	0.00000019
2427	集	10	0.00000019
2428	意	10	0.00000019
2429	첵	10	0.00000019
2430	쾨	10	0.00000019
2431	式	10	0.00000019
2432	酒	10	0.00000019
2433	象	10	0.00000019
2434	室	10	0.00000019
2435	楊	10	0.00000019
2436	＂	10	0.00000019
2437	副	9	0.00000017
2438	뭡	9	0.00000017
2439	휜	9	0.00000017
2440	腸	9	0.00000017
2441	읜	9	0.00000017
2442	郡	9	0.00000017
2443	픕	9	0.00000017
2444	嶼	9	0.00000017
2445	깟	9	0.00000017
2446	똬	9	0.00000017
2447	섈	9	0.00000017
2448	奴	9	0.00000017
2449	納	9	0.00000017
2450	浪	9	0.00000017
2451	收	9	0.00000017
2452	早	9	0.00000017
2453	夢	9	0.00000017
2454	微	9	0.00000017
2455	敏	9	0.00000017
2456	붑	9	0.00000017
2457	퓔	9	0.00000017
2458	혓	9	0.00000017
2459	維	9	0.00000017
2460	ᅩ	9	0.00000017
2461	ᄒ	9	0.00000017
2462	ᅧ	9	0.00000017
2463	至	9	0.00000017
2464	派	9	0.00000017
2465	滅	9	0.00000017
2466	봬	9	0.00000017
2467	츨	9	0.00000017
2468	比	9	0.00000017
2469	챤	9	0.00000017
2470	훠	9	0.00000017
2471	껫	9	0.00000017
2472	β	9	0.00000017
2473	★	9	0.00000017
2474	亡	9	0.00000017
2475	伊	9	0.00000017
2476	協	9	0.00000017
2477	告	9	0.00000017
2478	機	9	0.00000017
2479	完	9	0.00000017
2480	舍	9	0.00000017
2481	誠	9	0.00000017
2482	碑	9	0.00000017
2483	沈	9	0.00000017
2484	谷	9	0.00000017
2485	望	9	0.00000017
2486	源	9	0.00000017
2487	讀	9	0.00000017
2488	緣	9	0.00000017
2489	캬	9	0.00000017
2490	푀	9	0.00000017
2491	삯	9	0.00000017
2492	뇰	9	0.00000017
2493	쫒	9	0.00000017
2494	쳄	9	0.00000017
2495	綠	9	0.00000017
2496	Ⅴ	9	0.00000017
2497	遠	9	0.00000017
2498	묽	9	0.00000017
2499	基	9	0.00000017
2500	等	9	0.00000017
2501	厚	9	0.00000017
2502	交	9	0.00000017
2503	己	9	0.00000017
2504	儀	9	0.00000017
2505	榮	9	0.00000017
2506	支	9	0.00000017
2507	朱	9	0.00000017
2508	筆	9	0.00000017
2509	，	9	0.00000017
2510	１	9	0.00000017
2511	$	8	0.00000015
2512	菅	8	0.00000015
2513	띌	8	0.00000015
2514	럅	8	0.00000015
2515	遼	8	0.00000015
2516	錦	8	0.00000015
2517	濤	8	0.00000015
2518	還	8	0.00000015
2519	昭	8	0.00000015
2520	約	8	0.00000015
2521	뗄	8	0.00000015
2522	쭙	8	0.00000015
2523	マ	8	0.00000015
2524	リ	8	0.00000015
2525	件	8	0.00000015
2526	赤	8	0.00000015
2527	鬪	8	0.00000015
2528	凡	8	0.00000015
2529	匠	8	0.00000015
2530	阪	8	0.00000015
2531	質	8	0.00000015
2532	辛	8	0.00000015
2533	征	8	0.00000015
2534	꽹	8	0.00000015
2535	멨	8	0.00000015
2536	삵	8	0.00000015
2537	랖	8	0.00000015
2538	낏	8	0.00000015
2539	袖	8	0.00000015
2540	и	8	0.00000015
2541	ス	8	0.00000015
2542	ツ	8	0.00000015
2543	ㅊ	8	0.00000015
2544	童	8	0.00000015
2545	魚	8	0.00000015
2546	好	8	0.00000015
2547	孫	8	0.00000015
2548	波	8	0.00000015
2549	少	8	0.00000015
2550	邊	8	0.00000015
2551	御	8	0.00000015
2552	想	8	0.00000015
2553	創	8	0.00000015
2554	端	8	0.00000015
2555	度	8	0.00000015
2556	雙	8	0.00000015
2557	黃	8	0.00000015
2558	갹	8	0.00000015
2559	섦	8	0.00000015
2560	솁	8	0.00000015
2561	윰	8	0.00000015
2562	忠	8	0.00000015
2563	得	8	0.00000015
2564	別	8	0.00000015
2565	放	8	0.00000015
2566	能	8	0.00000015
2567	許	8	0.00000015
2568	ル	8	0.00000015
2569	七	8	0.00000015
2570	傳	8	0.00000015
2571	亭	8	0.00000015
2572	術	8	0.00000015
2573	巖	8	0.00000015
2574	加	8	0.00000015
2575	区	8	0.00000015
2576	寒	8	0.00000015
2577	環	8	0.00000015
2578	轉	8	0.00000015
2579	米	8	0.00000015
2580	킁	8	0.00000015
2581	邢	7	0.00000013
2582	띕	7	0.00000013
2583	멉	7	0.00000013
2584	岐	7	0.00000013
2585	겋	7	0.00000013
2586	笑	7	0.00000013
2587	綱	7	0.00000013
2588	惠	7	0.00000013
2589	繩	7	0.00000013
2590	샥	7	0.00000013
2591	잴	7	0.00000013
2592	確	7	0.00000013
2593	헉	7	0.00000013
2594	プ	7	0.00000013
2595	衆	7	0.00000013
2596	冬	7	0.00000013
2597	向	7	0.00000013
2598	熙	7	0.00000013
2599	媛	7	0.00000013
2600	悲	7	0.00000013
2601	犯	7	0.00000013
2602	狂	7	0.00000013
2603	鎭	7	0.00000013
2604	費	7	0.00000013
2605	粉	7	0.00000013
2606	聯	7	0.00000013
2607	弘	7	0.00000013
2608	授	7	0.00000013
2609	셤	7	0.00000013
2610	묀	7	0.00000013
2611	쉿	7	0.00000013
2612	▼	7	0.00000013
2613	ッ	7	0.00000013
2614	伏	7	0.00000013
2615	他	7	0.00000013
2616	品	7	0.00000013
2617	幕	7	0.00000013
2618	初	7	0.00000013
2619	鄕	7	0.00000013
2620	統	7	0.00000013
2621	融	7	0.00000013
2622	埼	7	0.00000013
2623	包	7	0.00000013
2624	封	7	0.00000013
2625	專	7	0.00000013
2626	座	7	0.00000013
2627	延	7	0.00000013
2628	君	7	0.00000013
2629	將	7	0.00000013
2630	恩	7	0.00000013
2631	敗	7	0.00000013
2632	次	7	0.00000013
2633	湖	7	0.00000013
2634	技	7	0.00000013
2635	要	7	0.00000013
2636	祖	7	0.00000013
2637	貞	7	0.00000013
2638	商	7	0.00000013
2639	浩	7	0.00000013
2640	銅	7	0.00000013
2641	眼	7	0.00000013
2642	珠	7	0.00000013
2643	騰	7	0.00000013
2644	줴	7	0.00000013
2645	햐	7	0.00000013
2646	겊	7	0.00000013
2647	峰	7	0.00000013
2648	®	7	0.00000013
2649	興	7	0.00000013
2650	갬	7	0.00000013
2651	ㅍ	7	0.00000013
2652	⋅	7	0.00000013
2653	斷	7	0.00000013
2654	策	7	0.00000013
2655	柱	7	0.00000013
2656	裁	7	0.00000013
2657	判	7	0.00000013
2658	権	7	0.00000013
2659	類	7	0.00000013
2660	仙	7	0.00000013
2661	助	7	0.00000013
2662	復	7	0.00000013
2663	虛	7	0.00000013
2664	刻	7	0.00000013
2665	梅	7	0.00000013
2666	教	7	0.00000013
2667	順	7	0.00000013
2668	壇	7	0.00000013
2669	晩	7	0.00000013
2670	育	7	0.00000013
2671	着	7	0.00000013
2672	忘	7	0.00000013
2673	柳	7	0.00000013
2674	梁	7	0.00000013
2675	헸	7	0.00000013
2676	돠	7	0.00000013
2677	９	7	0.00000013
2678	汎	6	0.00000011
2679	勿	6	0.00000011
2680	妄	6	0.00000011
2681	恨	6	0.00000011
2682	灣	6	0.00000011
2683	週	6	0.00000011
2684	邸	6	0.00000011
2685	寫	6	0.00000011
2686	橫	6	0.00000011
2687	洪	6	0.00000011
2688	癸	6	0.00000011
2689	貴	6	0.00000011
2690	넒	6	0.00000011
2691	뤽	6	0.00000011
2692	솅	6	0.00000011
2693	끕	6	0.00000011
2694	푄	6	0.00000011
2695	ᄇ	6	0.00000011
2696	ᆼ	6	0.00000011
2697	ᄃ	6	0.00000011
2698	坐	6	0.00000011
2699	耀	6	0.00000011
2700	舟	6	0.00000011
2701	梨	6	0.00000011
2702	危	6	0.00000011
2703	魏	6	0.00000011
2704	꽥	6	0.00000011
2705	췰	6	0.00000011
2706	큔	6	0.00000011
2707	㎠	6	0.00000011
2708	ö	6	0.00000011
2709	衣	6	0.00000011
2710	㎃	6	0.00000011
2711	冠	6	0.00000011
2712	謙	6	0.00000011
2713	洋	6	0.00000011
2714	唱	6	0.00000011
2715	果	6	0.00000011
2716	末	6	0.00000011
2717	板	6	0.00000011
2718	株	6	0.00000011
2719	錫	6	0.00000011
2720	硏	6	0.00000011
2721	牛	6	0.00000011
2722	街	6	0.00000011
2723	量	6	0.00000011
2724	곯	6	0.00000011
2725	낟	6	0.00000011
2726	귿	6	0.00000011
2727	免	6	0.00000011
2728	앎	6	0.00000011
2729	－	6	0.00000011
2730	칡	6	0.00000011
2731	離	6	0.00000011
2732	㏏	6	0.00000011
2733	聞	6	0.00000011
2734	ズ	6	0.00000011
2735	雅	6	0.00000011
2736	☆	6	0.00000011
2737	ㅣ	6	0.00000011
2738	賦	6	0.00000011
2739	誌	6	0.00000011
2740	괸	6	0.00000011
2741	윕	6	0.00000011
2742	짹	6	0.00000011
2743	▷	6	0.00000011
2744	排	6	0.00000011
2745	吹	6	0.00000011
2746	奏	6	0.00000011
2747	ク	6	0.00000011
2748	刀	6	0.00000011
2749	浦	6	0.00000011
2750	敬	6	0.00000011
2751	料	6	0.00000011
2752	特	6	0.00000011
2753	零	6	0.00000011
2754	則	6	0.00000011
2755	以	6	0.00000011
2756	査	6	0.00000011
2757	照	6	0.00000011
2758	補	6	0.00000011
2759	六	6	0.00000011
2760	墩	6	0.00000011
2761	委	6	0.00000011
2762	弁	6	0.00000011
2763	域	6	0.00000011
2764	龜	6	0.00000011
2765	皇	6	0.00000011
2766	紀	6	0.00000011
2767	氷	6	0.00000011
2768	射	6	0.00000011
2769	巫	6	0.00000011
2770	希	6	0.00000011
2771	活	6	0.00000011
2772	沙	6	0.00000011
2773	聲	6	0.00000011
2774	登	6	0.00000011
2775	鐵	6	0.00000011
2776	細	6	0.00000011
2777	陸	6	0.00000011
2778	─	6	0.00000011
2779	７	6	0.00000011
2780	´	5	0.00000010
2781	崔	5	0.00000010
2782	潟	5	0.00000010
2783	疆	5	0.00000010
2784	甚	5	0.00000010
2785	苗	5	0.00000010
2786	뀝	5	0.00000010
2787	꼐	5	0.00000010
2788	仰	5	0.00000010
2789	某	5	0.00000010
2790	須	5	0.00000010
2791	充	5	0.00000010
2792	젋	5	0.00000010
2793	｜	5	0.00000010
2794	⑥	5	0.00000010
2795	娘	5	0.00000010
2796	ビ	5	0.00000010
2797	獸	5	0.00000010
2798	淵	5	0.00000010
2799	鐘	5	0.00000010
2800	忍	5	0.00000010
2801	招	5	0.00000010
2802	牌	5	0.00000010
2803	程	5	0.00000010
2804	魔	5	0.00000010
2805	熊	5	0.00000010
2806	燈	5	0.00000010
2807	穴	5	0.00000010
2808	紋	5	0.00000010
2809	稔	5	0.00000010
2810	し	5	0.00000010
2811	긷	5	0.00000010
2812	큅	5	0.00000010
2813	㎒	5	0.00000010
2814	禹	5	0.00000010
2815	츤	5	0.00000010
2816	ロ	5	0.00000010
2817	樞	5	0.00000010
2818	卦	5	0.00000010
2819	材	5	0.00000010
2820	假	5	0.00000010
2821	兒	5	0.00000010
2822	卿	5	0.00000010
2823	宅	5	0.00000010
2824	晉	5	0.00000010
2825	尙	5	0.00000010
2826	窓	5	0.00000010
2827	談	5	0.00000010
2828	勝	5	0.00000010
2829	態	5	0.00000010
2830	旭	5	0.00000010
2831	矣	5	0.00000010
2832	僧	5	0.00000010
2833	答	5	0.00000010
2834	鷄	5	0.00000010
2835	禍	5	0.00000010
2836	昌	5	0.00000010
2837	裝	5	0.00000010
2838	誤	5	0.00000010
2839	邱	5	0.00000010
2840	隨	5	0.00000010
2841	迅	5	0.00000010
2842	哲	5	0.00000010
2843	翼	5	0.00000010
2844	陣	5	0.00000010
2845	냘	5	0.00000010
2846	륀	5	0.00000010
2847	쑈	5	0.00000010
2848	떫	5	0.00000010
2849	죈	5	0.00000010
2850	！	5	0.00000010
2851	캤	5	0.00000010
2852	큠	5	0.00000010
2853	퍈	5	0.00000010
2854	ᆞ	5	0.00000010
2855	깽	5	0.00000010
2856	쉭	5	0.00000010
2857	흄	5	0.00000010
2858	팃	5	0.00000010
2859	죤	5	0.00000010
2860	↔	5	0.00000010
2861	┃	5	0.00000010
2862	◯	5	0.00000010
2863	除	5	0.00000010
2864	楽	5	0.00000010
2865	カ	5	0.00000010
2866	ト	5	0.00000010
2867	尊	5	0.00000010
2868	盟	5	0.00000010
2869	降	5	0.00000010
2870	可	5	0.00000010
2871	藥	5	0.00000010
2872	歲	5	0.00000010
2873	庵	5	0.00000010
2874	岳	5	0.00000010
2875	齊	5	0.00000010
2876	倉	5	0.00000010
2877	傅	5	0.00000010
2878	党	5	0.00000010
2879	具	5	0.00000010
2880	留	5	0.00000010
2881	計	5	0.00000010
2882	於	5	0.00000010
2883	墓	5	0.00000010
2884	営	5	0.00000010
2885	羅	5	0.00000010
2886	役	5	0.00000010
2887	遺	5	0.00000010
2888	考	5	0.00000010
2889	應	5	0.00000010
2890	殿	5	0.00000010
2891	暗	5	0.00000010
2892	率	5	0.00000010
2893	蓮	5	0.00000010
2894	結	5	0.00000010
2895	浮	5	0.00000010
2896	玄	5	0.00000010
2897	硬	5	0.00000010
2898	臥	5	0.00000010
2899	낑	5	0.00000010
2900	곘	5	0.00000010
2901	됭	5	0.00000010
2902	맟	5	0.00000010
2903	귐	5	0.00000010
2904	쟀	5	0.00000010
2905	５	5	0.00000010
2906	嫌	4	0.00000008
2907	毒	4	0.00000008
2908	卯	4	0.00000008
2909	駐	4	0.00000008
2910	뭅	4	0.00000008
2911	쾬	4	0.00000008
2912	π	4	0.00000008
2913	ᅮ	4	0.00000008
2914	ᄅ	4	0.00000008
2915	ᅵ	4	0.00000008
2916	ᄂ	4	0.00000008
2917	テ	4	0.00000008
2918	ィ	4	0.00000008
2919	ダ	4	0.00000008
2920	賊	4	0.00000008
2921	再	4	0.00000008
2922	版	4	0.00000008
2923	示	4	0.00000008
2924	憂	4	0.00000008
2925	甘	4	0.00000008
2926	賢	4	0.00000008
2927	飾	4	0.00000008
2928	察	4	0.00000008
2929	貸	4	0.00000008
2930	紫	4	0.00000008
2931	婚	4	0.00000008
2932	괏	4	0.00000008
2933	멥	4	0.00000008
2934	툇	4	0.00000008
2935	ᄉ	4	0.00000008
2936	丁	4	0.00000008
2937	薛	4	0.00000008
2938	祥	4	0.00000008
2939	菱	4	0.00000008
2940	休	4	0.00000008
2941	侍	4	0.00000008
2942	停	4	0.00000008
2943	勤	4	0.00000008
2944	鰲	4	0.00000008
2945	右	4	0.00000008
2946	季	4	0.00000008
2947	坤	4	0.00000008
2948	恵	4	0.00000008
2949	益	4	0.00000008
2950	戀	4	0.00000008
2951	普	4	0.00000008
2952	更	4	0.00000008
2953	旅	4	0.00000008
2954	底	4	0.00000008
2955	漁	4	0.00000008
2956	吠	4	0.00000008
2957	串	4	0.00000008
2958	矯	4	0.00000008
2959	移	4	0.00000008
2960	息	4	0.00000008
2961	盆	4	0.00000008
2962	稿	4	0.00000008
2963	警	4	0.00000008
2964	負	4	0.00000008
2965	賴	4	0.00000008
2966	輕	4	0.00000008
2967	遮	4	0.00000008
2968	容	4	0.00000008
2969	評	4	0.00000008
2970	被	4	0.00000008
2971	麻	4	0.00000008
2972	뒴	4	0.00000008
2973	녠	4	0.00000008
2974	묠	4	0.00000008
2975	뺴	4	0.00000008
2976	쫌	4	0.00000008
2977	址	4	0.00000008
2978	隔	4	0.00000008
2979	㎗	4	0.00000008
2980	砂	4	0.00000008
2981	è	4	0.00000008
2982	：	4	0.00000008
2983	デ	4	0.00000008
2984	２	4	0.00000008
2985	а	4	0.00000008
2986	р	4	0.00000008
2987	♡	4	0.00000008
2988	□	4	0.00000008
2989	序	4	0.00000008
2990	똣	4	0.00000008
2991	눙	4	0.00000008
2992	뚠	4	0.00000008
2993	륄	4	0.00000008
2994	삑	4	0.00000008
2995	差	4	0.00000008
2996	模	4	0.00000008
2997	例	4	0.00000008
2998	縄	4	0.00000008
2999	認	4	0.00000008
3000	申	4	0.00000008
3001	郎	4	0.00000008
3002	コ	4	0.00000008
3003	阿	4	0.00000008
3004	か	4	0.00000008
3005	ん	4	0.00000008
3006	み	4	0.00000008
3007	ア	4	0.00000008
3008	イ	4	0.00000008
3009	ジ	4	0.00000008
3010	ヒ	4	0.00000008
3011	極	4	0.00000008
3012	才	4	0.00000008
3013	劍	4	0.00000008
3014	薄	4	0.00000008
3015	実	4	0.00000008
3016	界	4	0.00000008
3017	算	4	0.00000008
3018	讓	4	0.00000008
3019	亮	4	0.00000008
3020	審	4	0.00000008
3021	今	4	0.00000008
3022	介	4	0.00000008
3023	威	4	0.00000008
3024	伯	4	0.00000008
3025	顔	4	0.00000008
3026	伴	4	0.00000008
3027	散	4	0.00000008
3028	佳	4	0.00000008
3029	烏	4	0.00000008
3030	備	4	0.00000008
3031	儒	4	0.00000008
3032	秀	4	0.00000008
3033	朗	4	0.00000008
3034	烈	4	0.00000008
3035	訴	4	0.00000008
3036	衙	4	0.00000008
3037	席	4	0.00000008
3038	藝	4	0.00000008
3039	干	4	0.00000008
3040	惟	4	0.00000008
3041	労	4	0.00000008
3042	憲	4	0.00000008
3043	隊	4	0.00000008
3044	吾	4	0.00000008
3045	遊	4	0.00000008
3046	啓	4	0.00000008
3047	置	4	0.00000008
3048	患	4	0.00000008
3049	獄	4	0.00000008
3050	目	4	0.00000008
3051	輝	4	0.00000008
3052	編	4	0.00000008
3053	徳	4	0.00000008
3054	積	4	0.00000008
3055	問	4	0.00000008
3056	契	4	0.00000008
3057	始	4	0.00000008
3058	打	4	0.00000008
3059	桃	4	0.00000008
3060	決	4	0.00000008
3061	溪	4	0.00000008
3062	泰	4	0.00000008
3063	庚	4	0.00000008
3064	麗	4	0.00000008
3065	蔣	4	0.00000008
3066	卵	4	0.00000008
3067	訓	4	0.00000008
3068	巷	4	0.00000008
3069	軒	4	0.00000008
3070	洛	4	0.00000008
3071	染	4	0.00000008
3072	梵	4	0.00000008
3073	止	4	0.00000008
3074	沒	4	0.00000008
3075	淨	4	0.00000008
3076	磁	4	0.00000008
3077	賣	4	0.00000008
3078	蘭	4	0.00000008
3079	臨	4	0.00000008
3080	迷	4	0.00000008
3081	関	4	0.00000008
3082	養	4	0.00000008
3083	飯	4	0.00000008
3084	휼	4	0.00000008
3085	〮	4	0.00000008
3086	빳	4	0.00000008
3087	뽈	4	0.00000008
3088	ㅜ	4	0.00000008
3089	퍄	4	0.00000008
3090	６	4	0.00000008
3091	쿳	4	0.00000008
3092	０	4	0.00000008
3093	３	4	0.00000008
3094	ᅢ	3	0.00000006
3095	ᅦ	3	0.00000006
3096	ᅣ	3	0.00000006
3097	ᄆ	3	0.00000006
3098	ᆾ	3	0.00000006
3099	ウ	3	0.00000006
3100	嫡	3	0.00000006
3101	聘	3	0.00000006
3102	杞	3	0.00000006
3103	梧	3	0.00000006
3104	瀋	3	0.00000006
3105	荣	3	0.00000006
3106	肅	3	0.00000006
3107	兼	3	0.00000006
3108	秦	3	0.00000006
3109	瑩	3	0.00000006
3110	豊	3	0.00000006
3111	魂	3	0.00000006
3112	龐	3	0.00000006
3113	꿴	3	0.00000006
3114	뉩	3	0.00000006
3115	섑	3	0.00000006
3116	쉔	3	0.00000006
3117	퇘	3	0.00000006
3118	젱	3	0.00000006
3119	尿	3	0.00000006
3120	ç	3	0.00000006
3121	ü	3	0.00000006
3122	ë	3	0.00000006
3123	д	3	0.00000006
3124	т	3	0.00000006
3125	怪	3	0.00000006
3126	넹	3	0.00000006
3127	멂	3	0.00000006
3128	웽	3	0.00000006
3129	쇽	3	0.00000006
3130	乾	3	0.00000006
3131	湯	3	0.00000006
3132	侯	3	0.00000006
3133	凱	3	0.00000006
3134	劇	3	0.00000006
3135	誓	3	0.00000006
3136	墳	3	0.00000006
3137	尖	3	0.00000006
3138	鉉	3	0.00000006
3139	廳	3	0.00000006
3140	惑	3	0.00000006
3141	致	3	0.00000006
3142	与	3	0.00000006
3143	宿	3	0.00000006
3144	桂	3	0.00000006
3145	演	3	0.00000006
3146	潘	3	0.00000006
3147	尾	3	0.00000006
3148	獅	3	0.00000006
3149	眉	3	0.00000006
3150	旦	3	0.00000006
3151	邦	3	0.00000006
3152	舌	3	0.00000006
3153	潢	3	0.00000006
3154	謹	3	0.00000006
3155	爻	3	0.00000006
3156	瓦	3	0.00000006
3157	核	3	0.00000006
3158	切	3	0.00000006
3159	頻	3	0.00000006
3160	쯘	3	0.00000006
3161	깵	3	0.00000006
3162	쬔	3	0.00000006
3163	뜁	3	0.00000006
3164	몐	3	0.00000006
3165	섧	3	0.00000006
3166	냠	3	0.00000006
3167	툽	3	0.00000006
3168	욀	3	0.00000006
3169	좆	3	0.00000006
3170	겄	3	0.00000006
3171	랲	3	0.00000006
3172	冷	3	0.00000006
3173	芝	3	0.00000006
3174	麟	3	0.00000006
3175	ｇ	3	0.00000006
3176	℉	3	0.00000006
3177	㎸	3	0.00000006
3178	㎈	3	0.00000006
3179	‰	3	0.00000006
3180	∽	3	0.00000006
3181	㎽	3	0.00000006
3182	′	3	0.00000006
3183	碩	3	0.00000006
3184	í	3	0.00000006
3185	ニ	3	0.00000006
3186	읏	3	0.00000006
3187	м	3	0.00000006
3188	б	3	0.00000006
3189	о	3	0.00000006
3190	у	3	0.00000006
3191	Ⅹ	3	0.00000006
3192	ㅉ	3	0.00000006
3193	ㅏ	3	0.00000006
3194	汽	3	0.00000006
3195	懷	3	0.00000006
3196	絶	3	0.00000006
3197	顯	3	0.00000006
3198	隆	3	0.00000006
3199	굥	3	0.00000006
3200	녈	3	0.00000006
3201	깠	3	0.00000006
3202	≠	3	0.00000006
3203	켁	3	0.00000006
3204	뢴	3	0.00000006
3205	營	3	0.00000006
3206	⑦	3	0.00000006
3207	웩	3	0.00000006
3208	☰	3	0.00000006
3209	戦	3	0.00000006
3210	略	3	0.00000006
3211	引	3	0.00000006
3212	揚	3	0.00000006
3213	体	3	0.00000006
3214	替	3	0.00000006
3215	ら	3	0.00000006
3216	タ	3	0.00000006
3217	レ	3	0.00000006
3218	ラ	3	0.00000006
3219	バ	3	0.00000006
3220	ㅆ	3	0.00000006
3221	琴	3	0.00000006
3222	講	3	0.00000006
3223	台	3	0.00000006
3224	恭	3	0.00000006
3225	便	3	0.00000006
3226	爭	3	0.00000006
3227	遷	3	0.00000006
3228	互	3	0.00000006
3229	央	3	0.00000006
3230	條	3	0.00000006
3231	雀	3	0.00000006
3232	丸	3	0.00000006
3233	霞	3	0.00000006
3234	輪	3	0.00000006
3235	投	3	0.00000006
3236	蔘	3	0.00000006
3237	夷	3	0.00000006
3238	仲	3	0.00000006
3239	龕	3	0.00000006
3240	辱	3	0.00000006
3241	賞	3	0.00000006
3242	罰	3	0.00000006
3243	齒	3	0.00000006
3244	窮	3	0.00000006
3245	鹽	3	0.00000006
3246	換	3	0.00000006
3247	蒙	3	0.00000006
3248	怒	3	0.00000006
3249	冊	3	0.00000006
3250	凍	3	0.00000006
3251	刺	3	0.00000006
3252	濟	3	0.00000006
3253	努	3	0.00000006
3254	戴	3	0.00000006
3255	楚	3	0.00000006
3256	占	3	0.00000006
3257	尼	3	0.00000006
3258	参	3	0.00000006
3259	受	3	0.00000006
3260	淳	3	0.00000006
3261	誉	3	0.00000006
3262	周	3	0.00000006
3263	痛	3	0.00000006
3264	待	3	0.00000006
3265	顧	3	0.00000006
3266	疾	3	0.00000006
3267	漏	3	0.00000006
3268	祐	3	0.00000006
3269	壁	3	0.00000006
3270	菊	3	0.00000006
3271	綬	3	0.00000006
3272	肥	3	0.00000006
3273	奮	3	0.00000006
3274	幸	3	0.00000006
3275	耕	3	0.00000006
3276	房	3	0.00000006
3277	培	3	0.00000006
3278	姜	3	0.00000006
3279	孔	3	0.00000006
3280	癒	3	0.00000006
3281	繡	3	0.00000006
3282	飮	3	0.00000006
3283	證	3	0.00000006
3284	簪	3	0.00000006
3285	潔	3	0.00000006
3286	戒	3	0.00000006
3287	悅	3	0.00000006
3288	広	3	0.00000006
3289	戌	3	0.00000006
3290	廟	3	0.00000006
3291	廢	3	0.00000006
3292	弓	3	0.00000006
3293	遂	3	0.00000006
3294	窒	3	0.00000006
3295	聽	3	0.00000006
3296	愼	3	0.00000006
3297	慈	3	0.00000006
3298	監	3	0.00000006
3299	戊	3	0.00000006
3300	持	3	0.00000006
3301	霜	3	0.00000006
3302	呈	3	0.00000006
3303	摩	3	0.00000006
3304	擬	3	0.00000006
3305	攝	3	0.00000006
3306	減	3	0.00000006
3307	逸	3	0.00000006
3308	整	3	0.00000006
3309	暮	3	0.00000006
3310	蝕	3	0.00000006
3311	盤	3	0.00000006
3312	曾	3	0.00000006
3313	脈	3	0.00000006
3314	杏	3	0.00000006
3315	調	3	0.00000006
3316	団	3	0.00000006
3317	総	3	0.00000006
3318	濕	3	0.00000006
3319	游	3	0.00000006
3320	莊	3	0.00000006
3321	后	3	0.00000006
3322	蜀	3	0.00000006
3323	諸	3	0.00000006
3324	葛	3	0.00000006
3325	胎	3	0.00000006
3326	存	3	0.00000006
3327	菲	3	0.00000006
3328	泊	3	0.00000006
3329	床	3	0.00000006
3330	洗	3	0.00000006
3331	彩	3	0.00000006
3332	丘	3	0.00000006
3333	航	3	0.00000006
3334	滋	3	0.00000006
3335	汝	3	0.00000006
3336	爐	3	0.00000006
3337	累	3	0.00000006
3338	洲	3	0.00000006
3339	瑞	3	0.00000006
3340	載	3	0.00000006
3341	願	3	0.00000006
3342	短	3	0.00000006
3343	貨	3	0.00000006
3344	祈	3	0.00000006
3345	祝	3	0.00000006
3346	秘	3	0.00000006
3347	籌	3	0.00000006
3348	粗	3	0.00000006
3349	鋼	3	0.00000006
3350	胃	3	0.00000006
3351	背	3	0.00000006
3352	猶	3	0.00000006
3353	隱	3	0.00000006
3354	薇	3	0.00000006
3355	衫	3	0.00000006
3356	複	3	0.00000006
3357	覇	3	0.00000006
3358	贊	3	0.00000006
3359	列	3	0.00000006
3360	醫	3	0.00000006
3361	露	3	0.00000006
3362	頂	3	0.00000006
3363	馮	3	0.00000006
3364	鼓	3	0.00000006
3365	햔	3	0.00000006
3366	겡	3	0.00000006
3367	괼	3	0.00000006
3368	쨋	3	0.00000006
3369	쨰	3	0.00000006
3370	쮸	3	0.00000006
3371	뱔	3	0.00000006
3372	룔	3	0.00000006
3373	툿	3	0.00000006
3374	빻	3	0.00000006
3375	쇤	3	0.00000006
3376	쥼	3	0.00000006
3377	홰	3	0.00000006
3378	４	3	0.00000006
3379	풉	3	0.00000006
3380	홑	3	0.00000006
3381	훽	3	0.00000006
3382	¨	2	0.00000004
3383	˚	2	0.00000004
3384	е	2	0.00000004
3385	뿡	2	0.00000004
3386	슼	2	0.00000004
3387	殉	2	0.00000004
3388	ピ	2	0.00000004
3389	Ａ	2	0.00000004
3390	䷀	2	0.00000004
3391	幇	2	0.00000004
3392	貫	2	0.00000004
3393	亥	2	0.00000004
3394	僕	2	0.00000004
3395	簿	2	0.00000004
3396	鵬	2	0.00000004
3397	卍	2	0.00000004
3398	徑	2	0.00000004
3399	釗	2	0.00000004
3400	燮	2	0.00000004
3401	碍	2	0.00000004
3402	垈	2	0.00000004
3403	塘	2	0.00000004
3404	膽	2	0.00000004
3405	甁	2	0.00000004
3406	稷	2	0.00000004
3407	屬	2	0.00000004
3408	左	2	0.00000004
3409	誣	2	0.00000004
3410	懇	2	0.00000004
3411	捉	2	0.00000004
3412	掃	2	0.00000004
3413	謂	2	0.00000004
3414	杭	2	0.00000004
3415	棟	2	0.00000004
3416	楢	2	0.00000004
3417	殮	2	0.00000004
3418	襲	2	0.00000004
3419	戶	2	0.00000004
3420	滄	2	0.00000004
3421	爛	2	0.00000004
3422	碎	2	0.00000004
3423	磯	2	0.00000004
3424	篠	2	0.00000004
3425	竄	2	0.00000004
3426	糖	2	0.00000004
3427	署	2	0.00000004
3428	杯	2	0.00000004
3429	脅	2	0.00000004
3430	笛	2	0.00000004
3431	豆	2	0.00000004
3432	瓣	2	0.00000004
3433	柵	2	0.00000004
3434	躺	2	0.00000004
3435	此	2	0.00000004
3436	醬	2	0.00000004
3437	爾	2	0.00000004
3438	淑	2	0.00000004
3439	磬	2	0.00000004
3440	鐸	2	0.00000004
3441	驛	2	0.00000004
3442	麵	2	0.00000004
3443	겯	2	0.00000004
3444	쨔	2	0.00000004
3445	늡	2	0.00000004
3446	숼	2	0.00000004
3447	뜹	2	0.00000004
3448	흣	2	0.00000004
3449	쒀	2	0.00000004
3450	펏	2	0.00000004
3451	옯	2	0.00000004
3452	틑	2	0.00000004
3453	읕	2	0.00000004
3454	？	2	0.00000004
3455	짦	2	0.00000004
3456	켕	2	0.00000004
3457	칲	2	0.00000004
3458	콱	2	0.00000004
3459	퀭	2	0.00000004
3460	‱	2	0.00000004
3461	µ	2	0.00000004
3462	º	2	0.00000004
3463	″	2	0.00000004
3464	㎟	2	0.00000004
3465	㎣	2	0.00000004
3466	â	2	0.00000004
3467	‐	2	0.00000004
3468	å	2	0.00000004
3469	⁺	2	0.00000004
3470	ä	2	0.00000004
3471	￣	2	0.00000004
3472	ñ	2	0.00000004
3473	÷	2	0.00000004
3474	л	2	0.00000004
3475	К	2	0.00000004
3476	ㅕ	2	0.00000004
3477	ㅗ	2	0.00000004
3478	帥	2	0.00000004
3479	雜	2	0.00000004
3480	燕	2	0.00000004
3481	杖	2	0.00000004
3482	黎	2	0.00000004
3483	送	2	0.00000004
3484	뎐	2	0.00000004
3485	떰	2	0.00000004
3486	랟	2	0.00000004
3487	묏	2	0.00000004
3488	슁	2	0.00000004
3489	쌰	2	0.00000004
3490	쳬	2	0.00000004
3491	졋	2	0.00000004
3492	춍	2	0.00000004
3493	⑧	2	0.00000004
3494	仮	2	0.00000004
3495	撃	2	0.00000004
3496	障	2	0.00000004
3497	償	2	0.00000004
3498	級	2	0.00000004
3499	条	2	0.00000004
3500	戸	2	0.00000004
3501	強	2	0.00000004
3502	い	2	0.00000004
3503	う	2	0.00000004
3504	っ	2	0.00000004
3505	お	2	0.00000004
3506	む	2	0.00000004
3507	め	2	0.00000004
3508	ド	2	0.00000004
3509	ミ	2	0.00000004
3510	ブ	2	0.00000004
3511	エ	2	0.00000004
3512	フ	2	0.00000004
3513	シ	2	0.00000004
3514	釜	2	0.00000004
3515	グ	2	0.00000004
3516	ム	2	0.00000004
3517	セ	2	0.00000004
3518	㉢	2	0.00000004
3519	乘	2	0.00000004
3520	懸	2	0.00000004
3521	夕	2	0.00000004
3522	丈	2	0.00000004
3523	疏	2	0.00000004
3524	已	2	0.00000004
3525	战	2	0.00000004
3526	东	2	0.00000004
3527	数	2	0.00000004
3528	联	2	0.00000004
3529	姐	2	0.00000004
3530	棺	2	0.00000004
3531	酉	2	0.00000004
3532	沼	2	0.00000004
3533	了	2	0.00000004
3534	予	2	0.00000004
3535	于	2	0.00000004
3536	叔	2	0.00000004
3537	帖	2	0.00000004
3538	何	2	0.00000004
3539	塔	2	0.00000004
3540	腹	2	0.00000004
3541	彌	2	0.00000004
3542	俗	2	0.00000004
3543	增	2	0.00000004
3544	倒	2	0.00000004
3545	錯	2	0.00000004
3546	借	2	0.00000004
3547	系	2	0.00000004
3548	宝	2	0.00000004
3549	翔	2	0.00000004
3550	雷	2	0.00000004
3551	導	2	0.00000004
3552	傷	2	0.00000004
3553	額	2	0.00000004
3554	牆	2	0.00000004
3555	傑	2	0.00000004
3556	架	2	0.00000004
3557	増	2	0.00000004
3558	冰	2	0.00000004
3559	庁	2	0.00000004
3560	磑	2	0.00000004
3561	妻	2	0.00000004
3562	震	2	0.00000004
3563	柔	2	0.00000004
3564	淀	2	0.00000004
3565	香	2	0.00000004
3566	勇	2	0.00000004
3567	焦	2	0.00000004
3568	客	2	0.00000004
3569	匹	2	0.00000004
3570	卜	2	0.00000004
3571	卽	2	0.00000004
3572	働	2	0.00000004
3573	厭	2	0.00000004
3574	取	2	0.00000004
3575	禎	2	0.00000004
3576	稀	2	0.00000004
3577	紗	2	0.00000004
3578	從	2	0.00000004
3579	検	2	0.00000004
3580	唯	2	0.00000004
3581	焉	2	0.00000004
3582	呂	2	0.00000004
3583	袍	2	0.00000004
3584	咸	2	0.00000004
3585	喉	2	0.00000004
3586	唐	2	0.00000004
3587	喪	2	0.00000004
3588	嚴	2	0.00000004
3589	廊	2	0.00000004
3590	榜	2	0.00000004
3591	囹	2	0.00000004
3592	圄	2	0.00000004
3593	退	2	0.00000004
3594	拔	2	0.00000004
3595	銘	2	0.00000004
3596	墨	2	0.00000004
3597	壯	2	0.00000004
3598	勳	2	0.00000004
3599	念	2	0.00000004
3600	課	2	0.00000004
3601	總	2	0.00000004
3602	奉	2	0.00000004
3603	其	2	0.00000004
3604	妓	2	0.00000004
3605	嫦	2	0.00000004
3606	娥	2	0.00000004
3607	沛	2	0.00000004
3608	庭	2	0.00000004
3609	旨	2	0.00000004
3610	鏡	2	0.00000004
3611	陵	2	0.00000004
3612	蓉	2	0.00000004
3613	寡	2	0.00000004
3614	寸	2	0.00000004
3615	圭	2	0.00000004
3616	蒜	2	0.00000004
3617	朋	2	0.00000004
3618	鍊	2	0.00000004
3619	崛	2	0.00000004
3620	嶠	2	0.00000004
3621	弟	2	0.00000004
3622	滑	2	0.00000004
3623	盲	2	0.00000004
3624	匿	2	0.00000004
3625	恥	2	0.00000004
3626	内	2	0.00000004
3627	坊	2	0.00000004
3628	辰	2	0.00000004
3629	矢	2	0.00000004
3630	弱	2	0.00000004
3631	謀	2	0.00000004
3632	彭	2	0.00000004
3633	針	2	0.00000004
3634	彼	2	0.00000004
3635	識	2	0.00000004
3636	攀	2	0.00000004
3637	枝	2	0.00000004
3638	恐	2	0.00000004
3639	悤	2	0.00000004
3640	盡	2	0.00000004
3641	循	2	0.00000004
3642	潮	2	0.00000004
3643	症	2	0.00000004
3644	悟	2	0.00000004
3645	頌	2	0.00000004
3646	惱	2	0.00000004
3647	惺	2	0.00000004
3648	愚	2	0.00000004
3649	當	2	0.00000004
3650	變	2	0.00000004
3651	懲	2	0.00000004
3652	毖	2	0.00000004
3653	錄	2	0.00000004
3654	崖	2	0.00000004
3655	然	2	0.00000004
3656	狼	2	0.00000004
3657	ち	2	0.00000004
3658	援	2	0.00000004
3659	拜	2	0.00000004
3660	偏	2	0.00000004
3661	推	2	0.00000004
3662	撫	2	0.00000004
3663	似	2	0.00000004
3664	瀉	2	0.00000004
3665	途	2	0.00000004
3666	屛	2	0.00000004
3667	稲	2	0.00000004
3668	蟬	2	0.00000004
3669	資	2	0.00000004
3670	曹	2	0.00000004
3671	罪	2	0.00000004
3672	幹	2	0.00000004
3673	貢	2	0.00000004
3674	覓	2	0.00000004
3675	翰	2	0.00000004
3676	亶	2	0.00000004
3677	檀	2	0.00000004
3678	甌	2	0.00000004
3679	幻	2	0.00000004
3680	礎	2	0.00000004
3681	柿	2	0.00000004
3682	諒	2	0.00000004
3683	桐	2	0.00000004
3684	兮	2	0.00000004
3685	唄	2	0.00000004
3686	棋	2	0.00000004
3687	棲	2	0.00000004
3688	舒	2	0.00000004
3689	欽	2	0.00000004
3690	走	2	0.00000004
3691	殲	2	0.00000004
3692	毘	2	0.00000004
3693	汰	2	0.00000004
3694	偈	2	0.00000004
3695	泛	2	0.00000004
3696	斬	2	0.00000004
3697	浙	2	0.00000004
3698	謠	2	0.00000004
3699	霧	2	0.00000004
3700	圳	2	0.00000004
3701	清	2	0.00000004
3702	漫	2	0.00000004
3703	灌	2	0.00000004
3704	籍	2	0.00000004
3705	煉	2	0.00000004
3706	煙	2	0.00000004
3707	熟	2	0.00000004
3708	猪	2	0.00000004
3709	猫	2	0.00000004
3710	獵	2	0.00000004
3711	獻	2	0.00000004
3712	潭	2	0.00000004
3713	礁	2	0.00000004
3714	味	2	0.00000004
3715	癡	2	0.00000004
3716	描	2	0.00000004
3717	鳴	2	0.00000004
3718	膏	2	0.00000004
3719	盛	2	0.00000004
3720	盜	2	0.00000004
3721	が	2	0.00000004
3722	又	2	0.00000004
3723	看	2	0.00000004
3724	殆	2	0.00000004
3725	砲	2	0.00000004
3726	磨	2	0.00000004
3727	穆	2	0.00000004
3728	穩	2	0.00000004
3729	究	2	0.00000004
3730	笏	2	0.00000004
3731	篤	2	0.00000004
3732	箭	2	0.00000004
3733	籠	2	0.00000004
3734	繪	2	0.00000004
3735	祠	2	0.00000004
3736	耳	2	0.00000004
3737	塞	2	0.00000004
3738	爽	2	0.00000004
3739	宴	2	0.00000004
3740	接	2	0.00000004
3741	肝	2	0.00000004
3742	適	2	0.00000004
3743	脇	2	0.00000004
3744	腰	2	0.00000004
3745	責	2	0.00000004
3746	酸	2	0.00000004
3747	艇	2	0.00000004
3748	若	2	0.00000004
3749	茨	2	0.00000004
3750	皮	2	0.00000004
3751	荊	2	0.00000004
3752	莫	2	0.00000004
3753	粒	2	0.00000004
3754	蠶	2	0.00000004
3755	褙	2	0.00000004
3756	觸	2	0.00000004
3757	騷	2	0.00000004
3758	豚	2	0.00000004
3759	訊	2	0.00000004
3760	賈	2	0.00000004
3761	班	2	0.00000004
3762	透	2	0.00000004
3763	絡	2	0.00000004
3764	及	2	0.00000004
3765	遵	2	0.00000004
3766	陶	2	0.00000004
3767	雁	2	0.00000004
3768	骨	2	0.00000004
3769	パ	2	0.00000004
3770	鳩	2	0.00000004
3771	凰	2	0.00000004
3772	姑	2	0.00000004
3773	鼻	2	0.00000004
3774	엾	2	0.00000004
3775	쥑	2	0.00000004
3776	곬	2	0.00000004
3777	롸	2	0.00000004
3778	좨	2	0.00000004
3779	횐	2	0.00000004
3780	꺠	2	0.00000004
3781	⸱	2	0.00000004
3782	놋	2	0.00000004
3783	픅	2	0.00000004
3784	뇐	2	0.00000004
3785	튐	2	0.00000004
3786	떵	2	0.00000004
3787	쟌	2	0.00000004
3788	뢸	2	0.00000004
3789	첬	2	0.00000004
3790	뻬	2	0.00000004
3791	쟝	2	0.00000004
3792	풂	2	0.00000004
3793	쳰	2	0.00000004
3794	뷜	2	0.00000004
3795	됴	2	0.00000004
3796	솃	2	0.00000004
3797	틉	2	0.00000004
3798	뽁	2	0.00000004
3799	뵤	2	0.00000004
3800	튽	2	0.00000004
3801	쏩	2	0.00000004
3802	븀	2	0.00000004
3803	췬	2	0.00000004
3804	좼	2	0.00000004
3805	읠	2	0.00000004
3806	틍	2	0.00000004
3807	Ⅶ	2	0.00000004
3808	쩨	2	0.00000004
3809	쯧	2	0.00000004
3810	촤	2	0.00000004
3811	큉	2	0.00000004
3812	탙	2	0.00000004
3813	휀	2	0.00000004
3814	휨	2	0.00000004
3815	휭	2	0.00000004
3816	但	2	0.00000004
3817	８	2	0.00000004
3818	»	1	0.00000002
3819	㎳	1	0.00000002
3820	ﾠ	1	0.00000002
3821	㏓	1	0.00000002
3822	＄	1	0.00000002
3823	㎤	1	0.00000002
3824	㎑	1	0.00000002
3825	㎦	1	0.00000002
3826	閱	1	0.00000002
3827	₄	1	0.00000002
3828	ầ	1	0.00000002
3829	ø	1	0.00000002
3830	λ	1	0.00000002
3831	ň	1	0.00000002
3832	₃	1	0.00000002
3833	ú	1	0.00000002
3834	á	1	0.00000002
3835	ó	1	0.00000002
3836	Ü	1	0.00000002
3837	É	1	0.00000002
3838	½	1	0.00000002
3839	Æ	1	0.00000002
3840	η	1	0.00000002
3841	θ	1	0.00000002
3842	κ	1	0.00000002
3843	ω	1	0.00000002
3844	В	1	0.00000002
3845	М	1	0.00000002
3846	П	1	0.00000002
3847	н	1	0.00000002
3848	У	1	0.00000002
3849	к	1	0.00000002
3850	Х	1	0.00000002
3851	ч	1	0.00000002
3852	в	1	0.00000002
3853	щ	1	0.00000002
3854	ᇁ	1	0.00000002
3855	∂	1	0.00000002
3856	Ö	1	0.00000002
3857	ㄸ	1	0.00000002
3858	ㅌ	1	0.00000002
3859	慮	1	0.00000002
3860	に	1	0.00000002
3861	尋	1	0.00000002
3862	找	1	0.00000002
3863	泮	1	0.00000002
3864	詠	1	0.00000002
3865	嘆	1	0.00000002
3866	訃	1	0.00000002
3867	财	1	0.00000002
3868	阀	1	0.00000002
3869	儿	1	0.00000002
3870	孟	1	0.00000002
3871	遣	1	0.00000002
3872	禑	1	0.00000002
3873	꽌	1	0.00000002
3874	뎨	1	0.00000002
3875	딹	1	0.00000002
3876	똔	1	0.00000002
3877	퀑	1	0.00000002
3878	읒	1	0.00000002
3879	왙	1	0.00000002
3880	쩝	1	0.00000002
3881	∞	1	0.00000002
3882	⑨	1	0.00000002
3883	ⓔ	1	0.00000002
3884	┘	1	0.00000002
3885	귁	1	0.00000002
3886	◎	1	0.00000002
3887	☞	1	0.00000002
3888	消	1	0.00000002
3889	芸	1	0.00000002
3890	従	1	0.00000002
3891	証	1	0.00000002
3892	附	1	0.00000002
3893	請	1	0.00000002
3894	慎	1	0.00000002
3895	称	1	0.00000002
3896	児	1	0.00000002
3897	徒	1	0.00000002
3898	収	1	0.00000002
3899	ヶ	1	0.00000002
3900	斥	1	0.00000002
3901	『	1	0.00000002
3902	ず	1	0.00000002
3903	も	1	0.00000002
3904	せ	1	0.00000002
3905	ぇ	1	0.00000002
3906	わ	1	0.00000002
3907	れ	1	0.00000002
3908	ぶ	1	0.00000002
3909	た	1	0.00000002
3910	な	1	0.00000002
3911	ふ	1	0.00000002
3912	ぐ	1	0.00000002
3913	さ	1	0.00000002
3914	や	1	0.00000002
3915	は	1	0.00000002
3916	ぎ	1	0.00000002
3917	メ	1	0.00000002
3918	ァ	1	0.00000002
3919	サ	1	0.00000002
3920	ガ	1	0.00000002
3921	ナ	1	0.00000002
3922	チ	1	0.00000002
3923	ャ	1	0.00000002
3924	キ	1	0.00000002
3925	ノ	1	0.00000002
3926	ワ	1	0.00000002
3927	ュ	1	0.00000002
3928	ェ	1	0.00000002
3929	ヘ	1	0.00000002
3930	モ	1	0.00000002
3931	ㅓ	1	0.00000002
3932	㉣	1	0.00000002
3933	㉡	1	0.00000002
3934	㏃	1	0.00000002
3935	䷁	1	0.00000002
3936	站	1	0.00000002
3937	絃	1	0.00000002
3938	邁	1	0.00000002
3939	じ	1	0.00000002
3940	ゅ	1	0.00000002
3941	釐	1	0.00000002
3942	疊	1	0.00000002
3943	覺	1	0.00000002
3944	惜	1	0.00000002
3945	专	1	0.00000002
3946	网	1	0.00000002
3947	辟	1	0.00000002
3948	谣	1	0.00000002
3949	庸	1	0.00000002
3950	絛	1	0.00000002
3951	楓	1	0.00000002
3952	旬	1	0.00000002
3953	段	1	0.00000002
3954	隣	1	0.00000002
3955	个	1	0.00000002
3956	应	1	0.00000002
3957	当	1	0.00000002
3958	蘊	1	0.00000002
3959	餠	1	0.00000002
3960	弼	1	0.00000002
3961	亢	1	0.00000002
3962	侵	1	0.00000002
3963	固	1	0.00000002
3964	麦	1	0.00000002
3965	付	1	0.00000002
3966	贖	1	0.00000002
3967	驅	1	0.00000002
3968	逐	1	0.00000002
3969	晷	1	0.00000002
3970	爵	1	0.00000002
3971	侶	1	0.00000002
3972	跛	1	0.00000002
3973	階	1	0.00000002
3974	鉱	1	0.00000002
3975	余	1	0.00000002
3976	刹	1	0.00000002
3977	陀	1	0.00000002
3978	你	1	0.00000002
3979	营	1	0.00000002
3980	垒	1	0.00000002
3981	佾	1	0.00000002
3982	使	1	0.00000002
3983	侘	1	0.00000002
3984	供	1	0.00000002
3985	侮	1	0.00000002
3986	俄	1	0.00000002
3987	俯	1	0.00000002
3988	候	1	0.00000002
3989	筒	1	0.00000002
3990	啣	1	0.00000002
3991	綴	1	0.00000002
3992	偕	1	0.00000002
3993	側	1	0.00000002
3994	聰	1	0.00000002
3995	傍	1	0.00000002
3996	傘	1	0.00000002
3997	痍	1	0.00000002
3998	傾	1	0.00000002
3999	臘	1	0.00000002
4000	僻	1	0.00000002
4001	優	1	0.00000002
4002	亨	1	0.00000002
4003	恋	1	0.00000002
4004	效	1	0.00000002
4005	拓	1	0.00000002
4006	卷	1	0.00000002
4007	紛	1	0.00000002
4008	倡	1	0.00000002
4009	憤	1	0.00000002
4010	効	1	0.00000002
4011	曆	1	0.00000002
4012	冑	1	0.00000002
4013	冨	1	0.00000002
4014	准	1	0.00000002
4015	凌	1	0.00000002
4016	瘡	1	0.00000002
4017	腐	1	0.00000002
4018	価	1	0.00000002
4019	把	1	0.00000002
4020	績	1	0.00000002
4021	劣	1	0.00000002
4022	劫	1	0.00000002
4023	鷹	1	0.00000002
4024	蜂	1	0.00000002
4025	募	1	0.00000002
4026	匕	1	0.00000002
4027	欧	1	0.00000002
4028	匡	1	0.00000002
4029	匪	1	0.00000002
4030	婦	1	0.00000002
4031	跏	1	0.00000002
4032	卞	1	0.00000002
4033	挙	1	0.00000002
4034	対	1	0.00000002
4035	捨	1	0.00000002
4036	擇	1	0.00000002
4037	万	1	0.00000002
4038	箏	1	0.00000002
4039	召	1	0.00000002
4040	吃	1	0.00000002
4041	凶	1	0.00000002
4042	挺	1	0.00000002
4043	符	1	0.00000002
4044	毀	1	0.00000002
4045	損	1	0.00000002
4046	幣	1	0.00000002
4047	笠	1	0.00000002
4048	咽	1	0.00000002
4049	哈	1	0.00000002
4050	觉	1	0.00000002
4051	醒	1	0.00000002
4052	哺	1	0.00000002
4053	輿	1	0.00000002
4054	單	1	0.00000002
4055	嗜	1	0.00000002
4056	噗	1	0.00000002
4057	宜	1	0.00000002
4058	液	1	0.00000002
4059	図	1	0.00000002
4060	圉	1	0.00000002
4061	鎮	1	0.00000002
4062	蝶	1	0.00000002
4063	圍	1	0.00000002
4064	籬	1	0.00000002
4065	礙	1	0.00000002
4066	們	1	0.00000002
4067	俑	1	0.00000002
4068	圧	1	0.00000002
4069	殼	1	0.00000002
4070	☷	1	0.00000002
4071	垓	1	0.00000002
4072	埋	1	0.00000002
4073	堤	1	0.00000002
4074	堯	1	0.00000002
4075	幷	1	0.00000002
4076	酬	1	0.00000002
4077	塊	1	0.00000002
4078	漱	1	0.00000002
4079	灘	1	0.00000002
4080	愈	1	0.00000002
4081	鬼	1	0.00000002
4082	頸	1	0.00000002
4083	妃	1	0.00000002
4084	豐	1	0.00000002
4085	尚	1	0.00000002
4086	隅	1	0.00000002
4087	締	1	0.00000002
4088	畓	1	0.00000002
4089	覽	1	0.00000002
4090	奄	1	0.00000002
4091	癖	1	0.00000002
4092	妨	1	0.00000002
4093	奥	1	0.00000002
4094	履	1	0.00000002
4095	蔽	1	0.00000002
4096	迫	1	0.00000002
4097	炮	1	0.00000002
4098	佑	1	0.00000002
4099	孤	1	0.00000002
4100	晨	1	0.00000002
4101	拙	1	0.00000002
4102	植	1	0.00000002
4103	倨	1	0.00000002
4104	挽	1	0.00000002
4105	蓬	1	0.00000002
4106	廬	1	0.00000002
4107	胤	1	0.00000002
4108	熹	1	0.00000002
4109	璧	1	0.00000002
4110	濱	1	0.00000002
4111	樣	1	0.00000002
4112	宰	1	0.00000002
4113	寂	1	0.00000002
4114	寇	1	0.00000002
4115	寓	1	0.00000002
4116	専	1	0.00000002
4117	屯	1	0.00000002
4118	範	1	0.00000002
4119	痴	1	0.00000002
4120	祀	1	0.00000002
4121	貪	1	0.00000002
4122	丞	1	0.00000002
4123	尤	1	0.00000002
4124	就	1	0.00000002
4125	岩	1	0.00000002
4126	操	1	0.00000002
4127	汶	1	0.00000002
4128	布	1	0.00000002
4129	閡	1	0.00000002
4130	譜	1	0.00000002
4131	幼	1	0.00000002
4132	庇	1	0.00000002
4133	廈	1	0.00000002
4134	霖	1	0.00000002
4135	虹	1	0.00000002
4136	暉	1	0.00000002
4137	顚	1	0.00000002
4138	弹	1	0.00000002
4139	窗	1	0.00000002
4140	彖	1	0.00000002
4141	骸	1	0.00000002
4142	彫	1	0.00000002
4143	幀	1	0.00000002
4144	彿	1	0.00000002
4145	忖	1	0.00000002
4146	快	1	0.00000002
4147	忱	1	0.00000002
4148	恍	1	0.00000002
4149	惚	1	0.00000002
4150	赦	1	0.00000002
4151	悔	1	0.00000002
4152	悠	1	0.00000002
4153	哀	1	0.00000002
4154	狀	1	0.00000002
4155	裔	1	0.00000002
4156	慕	1	0.00000002
4157	慘	1	0.00000002
4158	慽	1	0.00000002
4159	慣	1	0.00000002
4160	慧	1	0.00000002
4161	慰	1	0.00000002
4162	擔	1	0.00000002
4163	懶	1	0.00000002
4164	撒	1	0.00000002
4165	壞	1	0.00000002
4166	況	1	0.00000002
4167	蹟	1	0.00000002
4168	戲	1	0.00000002
4169	倫	1	0.00000002
4170	ど	1	0.00000002
4171	搏	1	0.00000002
4172	織	1	0.00000002
4173	托	1	0.00000002
4174	鉢	1	0.00000002
4175	抑	1	0.00000002
4176	抗	1	0.00000002
4177	拂	1	0.00000002
4178	拘	1	0.00000002
4179	拱	1	0.00000002
4180	標	1	0.00000002
4181	按	1	0.00000002
4182	捕	1	0.00000002
4183	捧	1	0.00000002
4184	捲	1	0.00000002
4185	狭	1	0.00000002
4186	掛	1	0.00000002
4187	敲	1	0.00000002
4188	搜	1	0.00000002
4189	狐	1	0.00000002
4190	娛	1	0.00000002
4191	摸	1	0.00000002
4192	索	1	0.00000002
4193	斂	1	0.00000002
4194	穫	1	0.00000002
4195	遞	1	0.00000002
4196	敢	1	0.00000002
4197	佚	1	0.00000002
4198	衝	1	0.00000002
4199	时	1	0.00000002
4200	播	1	0.00000002
4201	舱	1	0.00000002
4202	旋	1	0.00000002
4203	兄	1	0.00000002
4204	嘗	1	0.00000002
4205	昆	1	0.00000002
4206	昇	1	0.00000002
4207	昊	1	0.00000002
4208	徵	1	0.00000002
4209	歡	1	0.00000002
4210	給	1	0.00000002
4211	晛	1	0.00000002
4212	歎	1	0.00000002
4213	晴	1	0.00000002
4214	拳	1	0.00000002
4215	号	1	0.00000002
4216	坏	1	0.00000002
4217	朽	1	0.00000002
4218	店	1	0.00000002
4219	曦	1	0.00000002
4220	曺	1	0.00000002
4221	怡	1	0.00000002
4222	稽	1	0.00000002
4223	竟	1	0.00000002
4224	醋	1	0.00000002
4225	杉	1	0.00000002
4226	琦	1	0.00000002
4227	奎	1	0.00000002
4228	甫	1	0.00000002
4229	楠	1	0.00000002
4230	肇	1	0.00000002
4231	鴻	1	0.00000002
4232	杜	1	0.00000002
4233	討	1	0.00000002
4234	杨	1	0.00000002
4235	真	1	0.00000002
4236	練	1	0.00000002
4237	ホ	1	0.00000002
4238	昶	1	0.00000002
4239	枯	1	0.00000002
4240	柯	1	0.00000002
4241	柴	1	0.00000002
4242	桑	1	0.00000002
4243	碧	1	0.00000002
4244	桔	1	0.00000002
4245	梗	1	0.00000002
4246	桶	1	0.00000002
4247	梦	1	0.00000002
4248	棧	1	0.00000002
4249	薰	1	0.00000002
4250	振	1	0.00000002
4251	溟	1	0.00000002
4252	珍	1	0.00000002
4253	楞	1	0.00000002
4254	悪	1	0.00000002
4255	速	1	0.00000002
4256	槪	1	0.00000002
4257	横	1	0.00000002
4258	樵	1	0.00000002
4259	橘	1	0.00000002
4260	檄	1	0.00000002
4261	櫛	1	0.00000002
4262	沐	1	0.00000002
4263	欌	1	0.00000002
4264	歐	1	0.00000002
4265	脩	1	0.00000002
4266	戈	1	0.00000002
4267	午	1	0.00000002
4268	輔	1	0.00000002
4269	歩	1	0.00000002
4270	去	1	0.00000002
4271	嚇	1	0.00000002
4272	殯	1	0.00000002
4273	殷	1	0.00000002
4274	戮	1	0.00000002
4275	每	1	0.00000002
4276	弊	1	0.00000002
4277	囊	1	0.00000002
4278	汗	1	0.00000002
4279	苏	1	0.00000002
4280	沅	1	0.00000002
4281	蒸	1	0.00000002
4282	綸	1	0.00000002
4283	沿	1	0.00000002
4284	擁	1	0.00000002
4285	諺	1	0.00000002
4286	翁	1	0.00000002
4287	泣	1	0.00000002
4288	謖	1	0.00000002
4289	洑	1	0.00000002
4290	浴	1	0.00000002
4291	昧	1	0.00000002
4292	渴	1	0.00000002
4293	堃	1	0.00000002
4294	渾	1	0.00000002
4295	湛	1	0.00000002
4296	飽	1	0.00000002
4297	幡	1	0.00000002
4298	滿	1	0.00000002
4299	殊	1	0.00000002
4300	拏	1	0.00000002
4301	潛	1	0.00000002
4302	潤	1	0.00000002
4303	澁	1	0.00000002
4304	澎	1	0.00000002
4305	痰	1	0.00000002
4306	灰	1	0.00000002
4307	為	1	0.00000002
4308	烽	1	0.00000002
4309	提	1	0.00000002
4310	缺	1	0.00000002
4311	耘	1	0.00000002
4312	禱	1	0.00000002
4313	煎	1	0.00000002
4314	煞	1	0.00000002
4315	煩	1	0.00000002
4316	燥	1	0.00000002
4317	煬	1	0.00000002
4318	煮	1	0.00000002
4319	燃	1	0.00000002
4320	燻	1	0.00000002
4321	設	1	0.00000002
4322	牙	1	0.00000002
4323	獐	1	0.00000002
4324	疫	1	0.00000002
4325	療	1	0.00000002
4326	犧	1	0.00000002
4327	牲	1	0.00000002
4328	鼠	1	0.00000002
4329	滬	1	0.00000002
4330	飇	1	0.00000002
4331	玩	1	0.00000002
4332	珈	1	0.00000002
4333	琲	1	0.00000002
4334	珊	1	0.00000002
4335	瑚	1	0.00000002
4336	琉	1	0.00000002
4337	琵	1	0.00000002
4338	琶	1	0.00000002
4339	瑜	1	0.00000002
4340	伽	1	0.00000002
4341	瑟	1	0.00000002
4342	瑤	1	0.00000002
4343	瑪	1	0.00000002
4344	孜	1	0.00000002
4345	歿	1	0.00000002
4346	宏	1	0.00000002
4347	炎	1	0.00000002
4348	臭	1	0.00000002
4349	瘀	1	0.00000002
4350	癌	1	0.00000002
4351	呆	1	0.00000002
4352	尺	1	0.00000002
4353	竿	1	0.00000002
4354	栽	1	0.00000002
4355	盐	1	0.00000002
4356	鱗	1	0.00000002
4357	る	1	0.00000002
4358	否	1	0.00000002
4359	眩	1	0.00000002
4360	云	1	0.00000002
4361	矮	1	0.00000002
4362	砒	1	0.00000002
4363	素	1	0.00000002
4364	棄	1	0.00000002
4365	瓜	1	0.00000002
4366	磐	1	0.00000002
4367	梯	1	0.00000002
4368	託	1	0.00000002
4369	債	1	0.00000002
4370	券	1	0.00000002
4371	諭	1	0.00000002
4372	禧	1	0.00000002
4373	瑾	1	0.00000002
4374	擧	1	0.00000002
4375	稗	1	0.00000002
4376	稻	1	0.00000002
4377	閑	1	0.00000002
4378	穿	1	0.00000002
4379	线	1	0.00000002
4380	餘	1	0.00000002
4381	皆	1	0.00000002
4382	竝	1	0.00000002
4383	惇	1	0.00000002
4384	廷	1	0.00000002
4385	壓	1	0.00000002
4386	箕	1	0.00000002
4387	牧	1	0.00000002
4388	轄	1	0.00000002
4389	肢	1	0.00000002
4390	築	1	0.00000002
4391	菌	1	0.00000002
4392	紳	1	0.00000002
4393	紹	1	0.00000002
4394	絆	1	0.00000002
4395	緑	1	0.00000002
4396	箔	1	0.00000002
4397	縞	1	0.00000002
4398	紵	1	0.00000002
4399	縮	1	0.00000002
4400	縱	1	0.00000002
4401	繆	1	0.00000002
4402	罷	1	0.00000002
4403	蹄	1	0.00000002
4404	濠	1	0.00000002
4405	閃	1	0.00000002
4406	購	1	0.00000002
4407	亦	1	0.00000002
4408	耐	1	0.00000002
4409	耿	1	0.00000002
4410	曜	1	0.00000002
4411	盃	1	0.00000002
4412	聾	1	0.00000002
4413	肖	1	0.00000002
4414	胚	1	0.00000002
4415	脣	1	0.00000002
4416	臟	1	0.00000002
4417	嘲	1	0.00000002
4418	撞	1	0.00000002
4419	焚	1	0.00000002
4420	矜	1	0.00000002
4421	伐	1	0.00000002
4422	縛	1	0.00000002
4423	參	1	0.00000002
4424	舜	1	0.00000002
4425	姬	1	0.00000002
4426	蹈	1	0.00000002
4427	湾	1	0.00000002
4428	溜	1	0.00000002
4429	齡	1	0.00000002
4430	艮	1	0.00000002
4431	☶	1	0.00000002
4432	艾	1	0.00000002
4433	峽	1	0.00000002
4434	欲	1	0.00000002
4435	吟	1	0.00000002
4436	棘	1	0.00000002
4437	軻	1	0.00000002
4438	荒	1	0.00000002
4439	萇	1	0.00000002
4440	簇	1	0.00000002
4441	瀑	1	0.00000002
4442	蔑	1	0.00000002
4443	蔭	1	0.00000002
4444	蕩	1	0.00000002
4445	薩	1	0.00000002
4446	藩	1	0.00000002
4447	藍	1	0.00000002
4448	儼	1	0.00000002
4449	盒	1	0.00000002
4450	塗	1	0.00000002
4451	軾	1	0.00000002
4452	暑	1	0.00000002
4453	捺	1	0.00000002
4454	蟠	1	0.00000002
4455	叢	1	0.00000002
4456	篇	1	0.00000002
4457	袞	1	0.00000002
4458	裨	1	0.00000002
4459	裵	1	0.00000002
4460	貼	1	0.00000002
4461	抵	1	0.00000002
4462	弦	1	0.00000002
4463	説	1	0.00000002
4464	訛	1	0.00000002
4465	詐	1	0.00000002
4466	浚	1	0.00000002
4467	鞍	1	0.00000002
4468	詖	1	0.00000002
4469	詞	1	0.00000002
4470	試	1	0.00000002
4471	製	1	0.00000002
4472	默	1	0.00000002
4473	誰	1	0.00000002
4474	諏	1	0.00000002
4475	諡	1	0.00000002
4476	諫	1	0.00000002
4477	諶	1	0.00000002
4478	貽	1	0.00000002
4479	諷	1	0.00000002
4480	䷎	1	0.00000002
4481	謝	1	0.00000002
4482	悶	1	0.00000002
4483	遍	1	0.00000002
4484	嵌	1	0.00000002
4485	豫	1	0.00000002
4486	貯	1	0.00000002
4487	賜	1	0.00000002
4488	暇	1	0.00000002
4489	賤	1	0.00000002
4490	顗	1	0.00000002
4491	承	1	0.00000002
4492	絅	1	0.00000002
4493	肩	1	0.00000002
4494	蹇	1	0.00000002
4495	蹴	1	0.00000002
4496	鞠	1	0.00000002
4497	躅	1	0.00000002
4498	躑	1	0.00000002
4499	閥	1	0.00000002
4500	需	1	0.00000002
4501	軟	1	0.00000002
4502	輦	1	0.00000002
4503	轟	1	0.00000002
4504	丑	1	0.00000002
4505	辣	1	0.00000002
4506	辨	1	0.00000002
4507	迎	1	0.00000002
4508	廠	1	0.00000002
4509	刊	1	0.00000002
4510	戯	1	0.00000002
4511	嶽	1	0.00000002
4512	憚	1	0.00000002
4513	喝	1	0.00000002
4514	違	1	0.00000002
4515	避	1	0.00000002
4516	邪	1	0.00000002
4517	、	1	0.00000002
4518	穎	1	0.00000002
4519	秉	1	0.00000002
4520	酷	1	0.00000002
4521	吏	1	0.00000002
4522	甛	1	0.00000002
4523	依	1	0.00000002
4524	鎬	1	0.00000002
4525	珝	1	0.00000002
4526	縷	1	0.00000002
4527	敦	1	0.00000002
4528	鉄	1	0.00000002
4529	鋌	1	0.00000002
4530	鑛	1	0.00000002
4531	銃	1	0.00000002
4532	錬	1	0.00000002
4533	錘	1	0.00000002
4534	綜	1	0.00000002
4535	鍍	1	0.00000002
4536	嶺	1	0.00000002
4537	鑄	1	0.00000002
4538	鑑	1	0.00000002
4539	閔	1	0.00000002
4540	閨	1	0.00000002
4541	閻	1	0.00000002
4542	鍵	1	0.00000002
4543	阴	1	0.00000002
4544	阳	1	0.00000002
4545	师	1	0.00000002
4546	剌	1	0.00000002
4547	僊	1	0.00000002
4548	陜	1	0.00000002
4549	扁	1	0.00000002
4550	奧	1	0.00000002
4551	隕	1	0.00000002
4552	宵	1	0.00000002
4553	蟲	1	0.00000002
4554	駕	1	0.00000002
4555	謐	1	0.00000002
4556	革	1	0.00000002
4557	韜	1	0.00000002
4558	晦	1	0.00000002
4559	韩	1	0.00000002
4560	队	1	0.00000002
4561	摔	1	0.00000002
4562	氏	1	0.00000002
4563	頓	1	0.00000002
4564	頤	1	0.00000002
4565	藁	1	0.00000002
4566	蓋	1	0.00000002
4567	顆	1	0.00000002
4568	題	1	0.00000002
4569	鳶	1	0.00000002
4570	飞	1	0.00000002
4571	吧	1	0.00000002
4572	餓	1	0.00000002
4573	馹	1	0.00000002
4574	驚	1	0.00000002
4575	魄	1	0.00000002
4576	什	1	0.00000002
4577	捷	1	0.00000002
4578	鴨	1	0.00000002
4579	鶯	1	0.00000002
4580	糞	1	0.00000002
4581	檗	1	0.00000002
4582	塚	1	0.00000002
4583	龙	1	0.00000002
4584	语	1	0.00000002
4585	玆	1	0.00000002
4586	옺	1	0.00000002
4587	굮	1	0.00000002
4588	퍅	1	0.00000002
4589	읖	1	0.00000002
4590	곅	1	0.00000002
4591	잏	1	0.00000002
4592	흼	1	0.00000002
4593	톻	1	0.00000002
4594	｣	1	0.00000002
4595	궬	1	0.00000002
4596	ㅔ	1	0.00000002
4597	깸	1	0.00000002
4598	깹	1	0.00000002
4599	꺄	1	0.00000002
4600	껶	1	0.00000002
4601	꽐	1	0.00000002
4602	꿸	1	0.00000002
4603	뀄	1	0.00000002
4604	뉨	1	0.00000002
4605	옘	1	0.00000002
4606	삤	1	0.00000002
4607	쬘	1	0.00000002
4608	놂	1	0.00000002
4609	늚	1	0.00000002
4610	묄	1	0.00000002
4611	랼	1	0.00000002
4612	쳥	1	0.00000002
4613	덙	1	0.00000002
4614	ご	1	0.00000002
4615	こ	1	0.00000002
4616	뇔	1	0.00000002
4617	됫	1	0.00000002
4618	둤	1	0.00000002
4619	뒨	1	0.00000002
4620	묾	1	0.00000002
4621	떈	1	0.00000002
4622	뗍	1	0.00000002
4623	똠	1	0.00000002
4624	뙈	1	0.00000002
4625	뜷	1	0.00000002
4626	띱	1	0.00000002
4627	띳	1	0.00000002
4628	뤠	1	0.00000002
4629	杰	1	0.00000002
4630	긑	1	0.00000002
4631	쟆	1	0.00000002
4632	몯	1	0.00000002
4633	묫	1	0.00000002
4634	뮷	1	0.00000002
4635	믽	1	0.00000002
4636	믾	1	0.00000002
4637	밎	1	0.00000002
4638	솀	1	0.00000002
4639	밣	1	0.00000002
4640	퍀	1	0.00000002
4641	뱁	1	0.00000002
4642	뱡	1	0.00000002
4643	벛	1	0.00000002
4644	벧	1	0.00000002
4645	듸	1	0.00000002
4646	뷍	1	0.00000002
4647	쳅	1	0.00000002
4648	봣	1	0.00000002
4649	샙	1	0.00000002
4650	쵤	1	0.00000002
4651	붱	1	0.00000002
4652	륏	1	0.00000002
4653	빋	1	0.00000002
4654	빍	1	0.00000002
4655	빰	1	0.00000002
4656	뺍	1	0.00000002
4657	쭘	1	0.00000002
4658	삔	1	0.00000002
4659	삘	1	0.00000002
4660	졈	1	0.00000002
4661	삷	1	0.00000002
4662	짇	1	0.00000002
4663	텓	1	0.00000002
4664	ᄁ	1	0.00000002
4665	ᆯ	1	0.00000002
4666	섄	1	0.00000002
4667	业	1	0.00000002
4668	묜	1	0.00000002
4669	셩	1	0.00000002
4670	숌	1	0.00000002
4671	픗	1	0.00000002
4672		1	0.00000002
4673	켙	1	0.00000002
4674	쌘	1	0.00000002
4675	쌨	1	0.00000002
4676	쏨	1	0.00000002
4677	쐰	1	0.00000002
4678	씐	1	0.00000002
4679	씼	1	0.00000002
4680	녤	1	0.00000002
4681	죨	1	0.00000002
4682	툠	1	0.00000002
4683	嵐	1	0.00000002
4684	댱	1	0.00000002
4685	덯	1	0.00000002
4686	윱	1	0.00000002
4687	깄	1	0.00000002
4688	쭸	1	0.00000002
4689	』	1	0.00000002
4690	숩	1	0.00000002
4691	쭝	1	0.00000002
4692	왝	1	0.00000002
4693	욥	1	0.00000002
4694	욧	1	0.00000002
4695	쭌	1	0.00000002
4696	˙	1	0.00000002
4697	샾	1	0.00000002
4698	푠	1	0.00000002
4699	룍	1	0.00000002
4700	먕	1	0.00000002
4701	럲	1	0.00000002
4702	歯	1	0.00000002
4703	茎	1	0.00000002
4704	싿	1	0.00000002
4705	읺	1	0.00000002
4706	겻	1	0.00000002
4707	읋	1	0.00000002
4708	讚	1	0.00000002
4709	曼	1	0.00000002
4710	癲	1	0.00000002
4711	癇	1	0.00000002
4712	折	1	0.00000002
4713	궝	1	0.00000002
4714	좍	1	0.00000002
4715	쥠	1	0.00000002
4716	홛	1	0.00000002
4717	읗	1	0.00000002
4718	쨈	1	0.00000002
4719	찎	1	0.00000002
4720	왐	1	0.00000002
4721	촣	1	0.00000002
4722	졍	1	0.00000002
4723	퇸	1	0.00000002
4724	벋	1	0.00000002
4725	잌	1	0.00000002
4726	켬	1	0.00000002
4727	탼	1	0.00000002
4728	퀙	1	0.00000002
4729	퀜	1	0.00000002
4730	큣	1	0.00000002
4731	톄	1	0.00000002
4732	앻	1	0.00000002
4733	튭	1	0.00000002
4734	핬	1	0.00000002
4735	폠	1	0.00000002
4736	폽	1	0.00000002
4737	퐐	1	0.00000002
4738	풑	1	0.00000002
4739	닢	1	0.00000002
4740	큄	1	0.00000002
4741	늗	1	0.00000002
4742	햘	1	0.00000002
4743	홱	1	0.00000002
4744	횅	1	0.00000002
4745	훓	1	0.00000002
4746	휫	1	0.00000002
4747	흭	1	0.00000002
4748	흽	1	0.00000002
4749	鍾	1	0.00000002
4750	彬	1	0.00000002
4751	膺	1	0.00000002
4752	濫	1	0.00000002
4753	竽	1	0.00000002
4754	鋪	1	0.00000002
4755	弄	1	0.00000002
4756	磊	1	0.00000002
4757	陋	1	0.00000002
4758	乎	1	0.00000002
4759	俱	1	0.00000002
4760	眠	1	0.00000002
4761	逞	1	0.00000002
4762	閭	1	0.00000002
4763	奪	1	0.00000002
4764	歷	1	0.00000002
4765	湫	1	0.00000002
4766	琰	1	0.00000002
4767	씚	1	0.00000002
4768	裏	1	0.00000002
4769	埈	1	0.00000002
4770	悌	1	0.00000002
4771	Ｉ	1	0.00000002
4772	｢	1	0.00000002
