1	்	13466579	0.15907133
2	க	6161102	0.07277681
3	ு	5791380	0.06840954
4	ி	5535089	0.06538216
5	த	5247430	0.06198424
6	ப	3975269	0.04695709
7	ம	3496788	0.04130512
8	ர	3447963	0.04072839
9	ட	3246889	0.03835324
10	ா	3016394	0.03563056
11	ல	2616166	0.03090295
12	ன	2607701	0.03080296
13	வ	2564089	0.03028780
14	ற	2215436	0.02616940
15	ய	2064049	0.02438118
16	ை	2034981	0.02403782
17	ள	2002700	0.02365650
18	ச	1573401	0.01858549
19	ந	1368092	0.01616032
20	.	1033923	0.01221301
21	இ	921367	0.01088347
22	ண	827219	0.00977136
23	அ	816395	0.00964351
24	ெ	708123	0.00836456
25	ே	663877	0.00784192
26	ோ	540957	0.00638995
27	ொ	494390	0.00583989
28	ழ	486864	0.00575099
29	,	482005	0.00569359
30	ங	460920	0.00544453
31	எ	425973	0.00503172
32	ஆ	410941	0.00485416
33	உ	371173	0.00438441
34	ூ	340549	0.00402267
35	ீ	289447	0.00341904
36	ஒ	218569	0.00258180
37	1	184406	0.00217826
38	0	169289	0.00199969
39	 	149695	0.00176824
40	ஸ	138610	0.00163730
41	2	122569	0.00144782
42	(	93562	0.00110518
43	)	91431	0.00108001
44	9	90422	0.00106809
45	ஜ	84738	0.00100095
46	ஏ	77545	0.00091599
47	"	64660	0.00076378
48	5	64135	0.00075758
49	3	61112	0.00072187
50	8	58177	0.00068720
51	a	58033	0.00068550
52	4	55374	0.00065409
53	e	55265	0.00065281
54	6	53315	0.00062977
55	-	51877	0.00061279
56	7	51407	0.00060724
57	ஞ	49970	0.00059026
58	i	46730	0.00055199
59	n	41905	0.00049499
60	o	39884	0.00047112
61	r	39333	0.00046461
62	t	37476	0.00044268
63	ஷ	37041	0.00043754
64	ஹ	35537	0.00041977
65	ஓ	33909	0.00040054
66	ஐ	31085	0.00036719
67	s	30644	0.00036198
68	l	27243	0.00032180
69	ஊ	23995	0.00028344
70	'	23006	0.00027175
71	ஃ	22127	0.00026137
72	ஈ	20392	0.00024088
73	c	20024	0.00023653
74	h	19313	0.00022813
75	u	18075	0.00021351
76	m	16844	0.00019897
77	d	16840	0.00019892
78	p	14476	0.00017099
79	C	13111	0.00015487
80	S	12924	0.00015266
81	:	12847	0.00015175
82	;	11739	0.00013866
83	A	11695	0.00013814
84	g	11534	0.00013624
85	I	11253	0.00013292
86	%	10420	0.00012308
87	y	9888	0.00011680
88	P	9425	0.00011133
89	/	9011	0.00010644
90	M	8467	0.00010001
91	T	7938	0.00009377
92	ௌ	7735	0.00009137
93	b	7100	0.00008387
94	f	7084	0.00008368
95	D	7020	0.00008292
96	B	6692	0.00007905
97	R	6583	0.00007776
98	N	6064	0.00007163
99	”	6054	0.00007151
100	E	6026	0.00007118
101	v	5821	0.00006876
102	H	5723	0.00006760
103	k	5610	0.00006627
104	’	5443	0.00006429
105	O	5430	0.00006414
106	w	5207	0.00006151
107	L	5072	0.00005991
108	F	5043	0.00005957
109	G	4345	0.00005132
110	“	4320	0.00005103
111	–	4013	0.00004740
112	‘	3565	0.00004211
113	V	3540	0.00004182
114	W	3207	0.00003788
115	K	2897	0.00003422
116	U	2628	0.00003104
117	x	2556	0.00003019
118	J	2140	0.00002528
119	°	2137	0.00002524
120	?	2049	0.00002420
121	z	1696	0.00002003
122	‌	1558	0.00001840
123	X	1383	0.00001634
124	+	1257	0.00001485
125	$	1245	0.00001471
126	j	1152	0.00001361
127	!	1129	0.00001334
128	&	940	0.00001110
129	Y	810	0.00000957
130	q	707	0.00000835
131	Q	689	0.00000814
132	Z	618	0.00000730
133	−	585	0.00000691
134	​	560	0.00000661
135	‍	390	0.00000461
136	—	327	0.00000386
137	α	319	0.00000377
138	ஔ	282	0.00000333
139	ä	279	0.00000330
140	`	258	0.00000305
141	é	254	0.00000300
142	*	220	0.00000260
143	‎	198	0.00000234
144	•	183	0.00000216
145	×	179	0.00000211
146	>	169	0.00000200
147	£	169	0.00000200
148	β	164	0.00000194
149	²	160	0.00000189
150	μ	152	0.00000180
151	ο	148	0.00000175
152	्	148	0.00000175
153	ा	148	0.00000175
154	ā	137	0.00000162
155	ا	136	0.00000161
156	௦	127	0.00000150
157	र	125	0.00000148
158	π	116	0.00000137
159	ρ	112	0.00000132
160	…	110	0.00000130
161	σ	110	0.00000130
162	ς	110	0.00000130
163	а	110	0.00000130
164	о	101	0.00000119
165	~	98	0.00000116
166	á	97	0.00000115
167	त	97	0.00000115
168	ι	93	0.00000110
169	<	90	0.00000106
170	λ	90	0.00000106
171	τ	90	0.00000106
172	ν	90	0.00000106
173	ل	89	0.00000105
174	θ	82	0.00000097
175	ஶ	81	0.00000096
176	·	80	0.00000094
177	′	79	0.00000093
178	ü	78	0.00000092
179	½	77	0.00000091
180	ε	77	0.00000091
181	स	77	0.00000091
182	е	75	0.00000089
183	म	75	0.00000089
184	κ	74	0.00000087
185	″	69	0.00000082
186	י	67	0.00000079
187	γ	66	0.00000078
188	в	66	0.00000078
189	í	66	0.00000078
190	и	66	0.00000078
191	р	65	0.00000077
192	ि	65	0.00000077
193	്	65	0.00000077
194	ί	64	0.00000076
195	€	63	0.00000074
196	ु	62	0.00000073
197	ō	61	0.00000072
198	Å	60	0.00000071
199	ن	60	0.00000071
200	т	59	0.00000070
201	क	59	0.00000070
202	±	58	0.00000069
203	Δ	58	0.00000069
204	م	58	0.00000069
205	н	57	0.00000067
206	ر	57	0.00000067
207	с	55	0.00000065
208	ö	54	0.00000064
209	ي	54	0.00000064
210	௨	53	0.00000063
211	ó	52	0.00000061
212	к	52	0.00000061
213	₹	51	0.00000060
214	ē	51	0.00000060
215	δ	49	0.00000058
216	व	48	0.00000057
217	न	47	0.00000056
218	µ	46	0.00000054
219	ب	46	0.00000054
220	η	44	0.00000052
221	è	42	0.00000050
222	ī	42	0.00000050
223	ו	42	0.00000050
224	л	41	0.00000048
225	ക	41	0.00000048
226	﻿	40	0.00000047
227	द	40	0.00000047
228	े	40	0.00000047
229	प	38	0.00000045
230	ാ	38	0.00000045
231	ω	37	0.00000044
232	ç	37	0.00000044
233	ū	37	0.00000044
234	א	37	0.00000044
235	௭	36	0.00000043
236	φ	35	0.00000041
237	ό	35	0.00000041
238	ה	34	0.00000040
239	ं	34	0.00000040
240	ή	33	0.00000039
241	௧	33	0.00000039
242	ά	33	0.00000039
243	د	33	0.00000039
244	у	32	0.00000038
245	श	32	0.00000038
246	ह	32	0.00000038
247	س	32	0.00000038
248	ी	32	0.00000038
249	ി	32	0.00000038
250	â	31	0.00000037
251	ध	31	0.00000037
252	υ	31	0.00000037
253	و	31	0.00000037
254	य	31	0.00000037
255	ت	30	0.00000035
256	௫	29	0.00000034
257	ल	29	0.00000034
258	भ	29	0.00000034
259	à	29	0.00000034
260	్	29	0.00000034
261	χ	28	0.00000033
262	ग	28	0.00000033
263	š	27	0.00000032
264	Σ	27	0.00000032
265	ര	27	0.00000032
266	³	26	0.00000031
267	ల	26	0.00000031
268	й	26	0.00000031
269	ר	26	0.00000031
270	ְ	26	0.00000031
271	ş	25	0.00000030
272	æ	24	0.00000028
273	É	24	0.00000028
274	д	24	0.00000028
275	ּ	24	0.00000028
276	ة	24	0.00000028
277	ú	23	0.00000027
278	מ	23	0.00000027
279	ు	22	0.00000026
280	έ	22	0.00000026
281	ָ	22	0.00000026
282	נ	22	0.00000026
283	ñ	21	0.00000025
284	я	21	0.00000025
285	ב	21	0.00000025
286	ك	21	0.00000025
287	ع	21	0.00000025
288	ം	21	0.00000025
289	ש	21	0.00000025
290	Ω	20	0.00000024
291	ə	20	0.00000024
292	ो	20	0.00000024
293	子	20	0.00000024
294	ి	20	0.00000024
295	≡	19	0.00000022
296	ύ	19	0.00000022
297	ă	19	0.00000022
298	ô	19	0.00000022
299	г	19	0.00000022
300	ת	19	0.00000022
301	ح	19	0.00000022
302	ज	19	0.00000022
303	ь	19	0.00000022
304	ƒ	18	0.00000021
305	Ι	18	0.00000021
306	ם	18	0.00000021
307	َ	18	0.00000021
308	ق	18	0.00000021
309	ट	18	0.00000021
310	б	18	0.00000021
311	च	18	0.00000021
312	മ	18	0.00000021
313	∞	17	0.00000020
314	м	17	0.00000020
315	ч	17	0.00000020
316	ל	17	0.00000020
317	ج	17	0.00000020
318	ه	17	0.00000020
319	अ	17	0.00000020
320	ण	17	0.00000020
321	ത	17	0.00000020
322	ర	17	0.00000020
323	ू	17	0.00000020
324	ब	17	0.00000020
325	→	16	0.00000019
326	≈	16	0.00000019
327	ø	16	0.00000019
328	া	16	0.00000019
329	್	16	0.00000019
330	ല	16	0.00000019
331	ê	15	0.00000018
332	ã	15	0.00000018
333	О	15	0.00000018
334	ַ	15	0.00000018
335	ু	15	0.00000018
336	௯	15	0.00000018
337	˚	15	0.00000018
338	ం	15	0.00000018
339	ప	15	0.00000018
340	വ	15	0.00000018
341	ἀ	15	0.00000018
342	ḥ	14	0.00000017
343	з	14	0.00000017
344	ִ	14	0.00000017
345	ی	14	0.00000017
346	യ	14	0.00000017
347	≤	13	0.00000015
348	Ε	13	0.00000015
349	ạ	13	0.00000015
350	º	13	0.00000015
351	ı	13	0.00000015
352	ì	13	0.00000015
353	ड	13	0.00000015
354	௮	13	0.00000015
355	ˈ	13	0.00000015
356	ד	13	0.00000015
357	ע	13	0.00000015
358	आ	13	0.00000015
359	പ	13	0.00000015
360	ന	13	0.00000015
361	ു	13	0.00000015
362	¼	12	0.00000014
363	Λ	12	0.00000014
364	č	12	0.00000014
365	х	12	0.00000014
366	û	12	0.00000014
367	ù	12	0.00000014
368	đ	12	0.00000014
369	أ	12	0.00000014
370	්	12	0.00000014
371	）	12	0.00000014
372	ṇ	12	0.00000014
373	క	12	0.00000014
374	ы	12	0.00000014
375	ട	12	0.00000014
376	Θ	11	0.00000013
377	С	11	0.00000013
378	Χ	11	0.00000013
379	೦	11	0.00000013
380	త	11	0.00000013
381	ł	11	0.00000013
382	ف	11	0.00000013
383	（	11	0.00000013
384	ò	11	0.00000013
385	ṭ	11	0.00000013
386	ా	11	0.00000013
387	і	11	0.00000013
388	כ	11	0.00000013
389	ش	11	0.00000013
390	మ	11	0.00000013
391	ോ	11	0.00000013
392	ള	11	0.00000013
393	า	11	0.00000013
394	§	10	0.00000012
395	«	10	0.00000012
396	ζ	10	0.00000012
397	⁄	10	0.00000012
398	௬	10	0.00000012
399	గ	10	0.00000012
400	￼	10	0.00000012
401	ư	10	0.00000012
402	ώ	10	0.00000012
403	ֵ	10	0.00000012
404	خ	10	0.00000012
405	௩	10	0.00000012
406	ಲ	10	0.00000012
407	ි	10	0.00000012
408	山	10	0.00000012
409	ë	10	0.00000012
410	ś	10	0.00000012
411	ख	10	0.00000012
412	ח	10	0.00000012
413	ਾ	10	0.00000012
414	ร	10	0.00000012
415	₤	10	0.00000012
416	Φ	9	0.00000011
417	≥	9	0.00000011
418	ె	9	0.00000011
419	ා	9	0.00000011
420	⋅	9	0.00000011
421	Π	9	0.00000011
422	ष	9	0.00000011
423	௪	9	0.00000011
424	സ	9	0.00000011
425	å	9	0.00000011
426	п	9	0.00000011
427	ک	9	0.00000011
428	ত	9	0.00000011
429	ন	9	0.00000011
430	ರ	9	0.00000011
431	ม	9	0.00000011
432	大	9	0.00000011
433	»	8	0.00000009
434	¢	8	0.00000009
435	ộ	8	0.00000009
436	Ā	8	0.00000009
437	Đ	8	0.00000009
438	Ἰ	8	0.00000009
439	ʾ	8	0.00000009
440	Β	8	0.00000009
441	ψ	8	0.00000009
442	ц	8	0.00000009
443	ю	8	0.00000009
444	ص	8	0.00000009
445	ز	8	0.00000009
446	उ	8	0.00000009
447	ृ	8	0.00000009
448	ব	8	0.00000009
449	家	8	0.00000009
450	本	8	0.00000009
451	人	8	0.00000009
452	ː	8	0.00000009
453	ė	8	0.00000009
454	В	8	0.00000009
455	ɪ	8	0.00000009
456	Α	8	0.00000009
457	К	8	0.00000009
458	ֹ	8	0.00000009
459	র	8	0.00000009
460	◌	8	0.00000009
461	ಕ	8	0.00000009
462	ು	8	0.00000009
463	ಿ	8	0.00000009
464	ങ	8	0.00000009
465	´	7	0.00000008
466	元	7	0.00000008
467	ẫ	7	0.00000008
468	≠	7	0.00000008
469		7	0.00000008
470	†	7	0.00000008
471	ℓ	7	0.00000008
472	ị	7	0.00000008
473	ọ	7	0.00000008
474	ල	7	0.00000008
475	ක	7	0.00000008
476	î	7	0.00000008
477	ố	7	0.00000008
478	Υ	7	0.00000008
479	ْ	7	0.00000008
480	थ	7	0.00000008
481	௰	7	0.00000008
482	ิ	7	0.00000008
483	น	7	0.00000008
484	中	7	0.00000008
485	ţ	7	0.00000008
486	ß	7	0.00000008
487	ш	7	0.00000008
488	́	7	0.00000008
489	ա	7	0.00000008
490	ِ	7	0.00000008
491	ী	7	0.00000008
492	会	7	0.00000008
493	న	7	0.00000008
494	వ	7	0.00000008
495	ಮ	7	0.00000008
496	റ	7	0.00000008
497	ശ	7	0.00000008
498	ച	7	0.00000008
499	ი	7	0.00000008
500	ー	7	0.00000008
501	代	7	0.00000008
502	ệ	6	0.00000007
503	↑	6	0.00000007
504	Í	6	0.00000007
505	ὰ	6	0.00000007
506	‰	6	0.00000007
507	ć	6	0.00000007
508	☃	6	0.00000007
509	Ç	6	0.00000007
510	Ö	6	0.00000007
511	İ	6	0.00000007
512	Ο	6	0.00000007
513	ʹ	6	0.00000007
514	ἰ	6	0.00000007
515	ξ	6	0.00000007
516	П	6	0.00000007
517	¦	6	0.00000007
518	ಾ	6	0.00000007
519	ഷ	6	0.00000007
520	േ	6	0.00000007
521	ී	6	0.00000007
522	ไ	6	0.00000007
523	ท	6	0.00000007
524	国	6	0.00000007
525	王	6	0.00000007
526	天	6	0.00000007
527	西	6	0.00000007
528	道	6	0.00000007
529	ž	6	0.00000007
530	Ν	6	0.00000007
531	Τ	6	0.00000007
532	Κ	6	0.00000007
533	Μ	6	0.00000007
534	Б	6	0.00000007
535	Т	6	0.00000007
536	ى	6	0.00000007
537	ہ	6	0.00000007
538	ি	6	0.00000007
539	ௐ	6	0.00000007
540	ௗ	6	0.00000007
541	文	6	0.00000007
542	య	6	0.00000007
543	ನ	6	0.00000007
544	ഗ	6	0.00000007
545	ද	6	0.00000007
546	ั	6	0.00000007
547	ส	6	0.00000007
548	‹	6	0.00000007
549	›	6	0.00000007
550	書	6	0.00000007
551	֏	5	0.00000006
552	¾	5	0.00000006
553	ğ	5	0.00000006
554	ậ	5	0.00000006
555	Г	5	0.00000006
556	Л	5	0.00000006
557	ث	5	0.00000006
558	স	5	0.00000006
559	ৰ	5	0.00000006
560	ล	5	0.00000006
561	้	5	0.00000006
562	ἐ	5	0.00000006
563	日	5	0.00000006
564	江	5	0.00000006
565	口	5	0.00000006
566	ṣ	5	0.00000006
567	ï	5	0.00000006
568	ě	5	0.00000006
569	Ḥ	5	0.00000006
570	ొ	5	0.00000006
571	డ	5	0.00000006
572	þ	5	0.00000006
573	Ś	5	0.00000006
574	ῖ	5	0.00000006
575	А	5	0.00000006
576	Р	5	0.00000006
577	М	5	0.00000006
578	ֶ	5	0.00000006
579	ط	5	0.00000006
580	ئ	5	0.00000006
581	پ	5	0.00000006
582	ळ	5	0.00000006
583	গ	5	0.00000006
584	ক	5	0.00000006
585	্	5	0.00000006
586	ਸ	5	0.00000006
587	ਰ	5	0.00000006
588	ા	5	0.00000006
589	木	5	0.00000006
590	新	5	0.00000006
591	ద	5	0.00000006
592	ే	5	0.00000006
593	ൂ	5	0.00000006
594	の	5	0.00000006
595	社	5	0.00000006
596	ಗ	5	0.00000006
597	ർ	5	0.00000006
598	ว	5	0.00000006
599	ン	5	0.00000006
600	一	5	0.00000006
601	梨	5	0.00000006
602	￥	4	0.00000005
603	ං	4	0.00000005
604	禅	4	0.00000005
605	ǒ	4	0.00000005
606	ể	4	0.00000005
607	Η	4	0.00000005
608	Д	4	0.00000005
609	Ф	4	0.00000005
610	ఱ	4	0.00000005
611	ಳ	4	0.00000005
612	ම	4	0.00000005
613	ය	4	0.00000005
614	ර	4	0.00000005
615	හ	4	0.00000005
616	五	4	0.00000005
617	館	4	0.00000005
618	四	4	0.00000005
619	町	4	0.00000005
620	太	4	0.00000005
621	峡	4	0.00000005
622	ϕ	4	0.00000005
623	◦	4	0.00000005
624	ý	4	0.00000005
625	ḵ	4	0.00000005
626	Ī	4	0.00000005
627	ő	4	0.00000005
628	ǔ	4	0.00000005
629	õ	4	0.00000005
630	ṯ	4	0.00000005
631	ῦ	4	0.00000005
632	ῶ	4	0.00000005
633	И	4	0.00000005
634	Н	4	0.00000005
635	Х	4	0.00000005
636	վ	4	0.00000005
637	ն	4	0.00000005
638	ס	4	0.00000005
639	ק	4	0.00000005
640	ׁ	4	0.00000005
641	گ	4	0.00000005
642	छ	4	0.00000005
643	़	4	0.00000005
644	ল	4	0.00000005
645	ম	4	0.00000005
646	দ	4	0.00000005
647	ି	4	0.00000005
648	௱	4	0.00000005
649	ಂ	4	0.00000005
650	ದ	4	0.00000005
651	ണ	4	0.00000005
652	ഞ	4	0.00000005
653	ഭ	4	0.00000005
654	න	4	0.00000005
655	ป	4	0.00000005
656	ย	4	0.00000005
657	リ	4	0.00000005
658	ハ	4	0.00000005
659	ポ	4	0.00000005
660	マ	4	0.00000005
661	字	4	0.00000005
662	京	4	0.00000005
663	拳	4	0.00000005
664	河	4	0.00000005
665	名	4	0.00000005
666	笛	4	0.00000005
667	林	4	0.00000005
668	晉	4	0.00000005
669	¨	3	0.00000004
670	฿	3	0.00000004
671	♦	3	0.00000004
672	ॐ	3	0.00000004
673	ℝ	3	0.00000004
674	♠	3	0.00000004
675	坐	3	0.00000004
676		3	0.00000004
677	ữ	3	0.00000004
678	ơ	3	0.00000004
679	₀	3	0.00000004
680	ả	3	0.00000004
681	ụ	3	0.00000004
682	Á	3	0.00000004
683	Γ	3	0.00000004
684	Ψ	3	0.00000004
685	ё	3	0.00000004
686	Ш	3	0.00000004
687	ء	3	0.00000004
688	ৱ	3	0.00000004
689	∴	3	0.00000004
690	ധ	3	0.00000004
691	‏	3	0.00000004
692	∂	3	0.00000004
693	参	3	0.00000004
694	屋	3	0.00000004
695	陵	3	0.00000004
696	民	3	0.00000004
697	℃	3	0.00000004
698	ʻ	3	0.00000004
699	ắ	3	0.00000004
700	ế	3	0.00000004
701	ę	3	0.00000004
702	ḍ	3	0.00000004
703	ħ	3	0.00000004
704	ǎ	3	0.00000004
705	ň	3	0.00000004
706	ń	3	0.00000004
707	ȟ	3	0.00000004
708	←	3	0.00000004
709	Č	3	0.00000004
710	̅	3	0.00000004
711	ờ	3	0.00000004
712	ĭ	3	0.00000004
713	ʿ	3	0.00000004
714	ồ	3	0.00000004
715	ḷ	3	0.00000004
716	Ó	3	0.00000004
717	Š	3	0.00000004
718	ὐ	3	0.00000004
719	ж	3	0.00000004
720	ե	3	0.00000004
721	ո	3	0.00000004
722	ג	3	0.00000004
723	ן	3	0.00000004
724	פ	3	0.00000004
725	ّ	3	0.00000004
726	غ	3	0.00000004
727	इ	3	0.00000004
728	ए	3	0.00000004
729	ँ	3	0.00000004
730	ठ	3	0.00000004
731	ै	3	0.00000004
732	फ	3	0.00000004
733	অ	3	0.00000004
734	য	3	0.00000004
735	ੀ	3	0.00000004
736	ਮ	3	0.00000004
737	ਿ	3	0.00000004
738	્	3	0.00000004
739	ଗ	3	0.00000004
740	ର	3	0.00000004
741	୍	3	0.00000004
742	ూ	3	0.00000004
743	曹	3	0.00000004
744	地	3	0.00000004
745	株	3	0.00000004
746	式	3	0.00000004
747	௲	3	0.00000004
748	ధ	3	0.00000004
749	ఆ	3	0.00000004
750	శ	3	0.00000004
751	ళ	3	0.00000004
752	ಯ	3	0.00000004
753	ബ	3	0.00000004
754	ṅ	3	0.00000004
755	െ	3	0.00000004
756	ദ	3	0.00000004
757	ൻ	3	0.00000004
758	ට	3	0.00000004
759	ු	3	0.00000004
760	ව	3	0.00000004
761	ත	3	0.00000004
762	ง	3	0.00000004
763	อ	3	0.00000004
764	ด	3	0.00000004
765	ნ	3	0.00000004
766	რ	3	0.00000004
767	∠	3	0.00000004
768	△	3	0.00000004
769	ス	3	0.00000004
770	イ	3	0.00000004
771	コ	3	0.00000004
772	ト	3	0.00000004
773	タ	3	0.00000004
774	分	3	0.00000004
775	都	3	0.00000004
776	巴	3	0.00000004
777	國	3	0.00000004
778	十	3	0.00000004
779	史	3	0.00000004
780	星	3	0.00000004
781	宗	3	0.00000004
782	八	3	0.00000004
783	司	3	0.00000004
784	水	3	0.00000004
785	南	3	0.00000004
786	事	3	0.00000004
787	土	3	0.00000004
788	武	3	0.00000004
789	清	3	0.00000004
790	時	3	0.00000004
791	經	3	0.00000004
792	蘭	3	0.00000004
793	野	3	0.00000004
794	金	3	0.00000004
795	黃	3	0.00000004
796	사	3	0.00000004
797	악	3	0.00000004
798	정	3	0.00000004
799	무	3	0.00000004
800	삼	3	0.00000004
801	다	3	0.00000004
802	ỡ	2	0.00000002
803	ễ	2	0.00000002
804	₂	2	0.00000002
805	ề	2	0.00000002
806	ấ	2	0.00000002
807	Ţ	2	0.00000002
808	ಉ	2	0.00000002
809	ශ	2	0.00000002
810	※	2	0.00000002
811	⇌	2	0.00000002
812	∓	2	0.00000002
813	∩	2	0.00000002
814	★	2	0.00000002
815	群	2	0.00000002
816	劉	2	0.00000002
817	黑	2	0.00000002
818	馬	2	0.00000002
819	百	2	0.00000002
820	皇	2	0.00000002
821	蕭	2	0.00000002
822	札	2	0.00000002
823	剌	2	0.00000002
824	長	2	0.00000002
825	¹	2	0.00000002
826	΄	2	0.00000002
827	年	2	0.00000002
828	族	2	0.00000002
829	⅓	2	0.00000002
830	Ū	2	0.00000002
831	ż	2	0.00000002
832	Æ	2	0.00000002
833	ð	2	0.00000002
834	ŋ	2	0.00000002
835	稲	2	0.00000002
836	ʼ	2	0.00000002
837	ỹ	2	0.00000002
838	ǐ	2	0.00000002
839	ĩ	2	0.00000002
840	ứ	2	0.00000002
841	ṃ	2	0.00000002
842	ầ	2	0.00000002
843	œ	2	0.00000002
844	ᵻ	2	0.00000002
845	̄	2	0.00000002
846	ũ	2	0.00000002
847	ą	2	0.00000002
848	ʌ	2	0.00000002
849	ˌ	2	0.00000002
850	ŭ	2	0.00000002
851	¡	2	0.00000002
852	¬	2	0.00000002
853	¸	2	0.00000002
854	Ð	2	0.00000002
855	÷	2	0.00000002
856	Ø	2	0.00000002
857	ǃ	2	0.00000002
858	ɒ	2	0.00000002
859	Ζ	2	0.00000002
860	ῷ	2	0.00000002
861	Ρ	2	0.00000002
862	ἱ	2	0.00000002
863	ἴ	2	0.00000002
864	ὴ	2	0.00000002
865	ῥ	2	0.00000002
866	Э	2	0.00000002
867	э	2	0.00000002
868	ր	2	0.00000002
869	ի	2	0.00000002
870	ք	2	0.00000002
871	ט	2	0.00000002
872	ך	2	0.00000002
873	ז	2	0.00000002
874	צ	2	0.00000002
875	آ	2	0.00000002
876	ذ	2	0.00000002
877	ھ	2	0.00000002
878	ض	2	0.00000002
879	ظ	2	0.00000002
880	ٹ	2	0.00000002
881	چ	2	0.00000002
882	घ	2	0.00000002
883	ङ	2	0.00000002
884	ে	2	0.00000002
885	জ	2	0.00000002
886	চ	2	0.00000002
887	়	2	0.00000002
888	প	2	0.00000002
889	ਖ	2	0.00000002
890	਼	2	0.00000002
891	ਜ	2	0.00000002
892	ਂ	2	0.00000002
893	ਝ	2	0.00000002
894	ਘ	2	0.00000002
895	ળ	2	0.00000002
896	ય	2	0.00000002
897	ત	2	0.00000002
898	ଦ	2	0.00000002
899	ା	2	0.00000002
900	州	2	0.00000002
901	村	2	0.00000002
902	龙	2	0.00000002
903	అ	2	0.00000002
904	ో	2	0.00000002
905	‚	2	0.00000002
906	味	2	0.00000002
907	ట	2	0.00000002
908	స	2	0.00000002
909	ణ	2	0.00000002
910	జ	2	0.00000002
911	బ	2	0.00000002
912	ಟ	2	0.00000002
913	ೆ	2	0.00000002
914	ಡ	2	0.00000002
915	ೂ	2	0.00000002
916	ಬ	2	0.00000002
917	ವ	2	0.00000002
918	ೊ	2	0.00000002
919	ಸ	2	0.00000002
920	ಹ	2	0.00000002
921	ൊ	2	0.00000002
922	ഡ	2	0.00000002
923	ഹ	2	0.00000002
924	ീ	2	0.00000002
925	ඇ	2	0.00000002
926	ඹ	2	0.00000002
927	บ	2	0.00000002
928	ะ	2	0.00000002
929	จ	2	0.00000002
930	ห	2	0.00000002
931	ອ	2	0.00000002
932	ო	2	0.00000002
933	ზ	2	0.00000002
934	Ἀ	2	0.00000002
935	ἔ	2	0.00000002
936	Ἐ	2	0.00000002
937	ὑ	2	0.00000002
938	‛	2	0.00000002
939	♀	2	0.00000002
940	️	2	0.00000002
941	♂	2	0.00000002
942	オ	2	0.00000002
943	パ	2	0.00000002
944	ド	2	0.00000002
945	ラ	2	0.00000002
946	ギ	2	0.00000002
947	モ	2	0.00000002
948	ク	2	0.00000002
949	ッ	2	0.00000002
950	ロ	2	0.00000002
951	チ	2	0.00000002
952	二	2	0.00000002
953	书	2	0.00000002
954	省	2	0.00000002
955	斯	2	0.00000002
956	经	2	0.00000002
957	济	2	0.00000002
958	面	2	0.00000002
959	俵	2	0.00000002
960	夢	2	0.00000002
961	体	2	0.00000002
962	育	2	0.00000002
963	六	2	0.00000002
964	田	2	0.00000002
965	化	2	0.00000002
966	學	2	0.00000002
967	北	2	0.00000002
968	市	2	0.00000002
969	內	2	0.00000002
970	罗	2	0.00000002
971	科	2	0.00000002
972	記	2	0.00000002
973	周	2	0.00000002
974	善	2	0.00000002
975	统	2	0.00000002
976	计	2	0.00000002
977	和	2	0.00000002
978	圓	2	0.00000002
979	外	2	0.00000002
980	章	2	0.00000002
981	郎	2	0.00000002
982	小	2	0.00000002
983	芥	2	0.00000002
984	寺	2	0.00000002
985	供	2	0.00000002
986	嶺	2	0.00000002
987	常	2	0.00000002
988	平	2	0.00000002
989	仮	2	0.00000002
990	島	2	0.00000002
991	忍	2	0.00000002
992	者	2	0.00000002
993	不	2	0.00000002
994	谢	2	0.00000002
995	加	2	0.00000002
996	改	2	0.00000002
997	曲	2	0.00000002
998	法	2	0.00000002
999	會	2	0.00000002
1000	月	2	0.00000002
1001	服	2	0.00000002
1002	李	2	0.00000002
1003	杏	2	0.00000002
1004	高	2	0.00000002
1005	東	2	0.00000002
1006	合	2	0.00000002
1007	松	2	0.00000002
1008	园	2	0.00000002
1009	園	2	0.00000002
1010	弟	2	0.00000002
1011	樂	2	0.00000002
1012	永	2	0.00000002
1013	海	2	0.00000002
1014	雲	2	0.00000002
1015	湘	2	0.00000002
1016	鱼	2	0.00000002
1017	漢	2	0.00000002
1018	帝	2	0.00000002
1019	爸	2	0.00000002
1020	節	2	0.00000002
1021	神	2	0.00000002
1022	竹	2	0.00000002
1023	篆	2	0.00000002
1024	紅	2	0.00000002
1025	義	2	0.00000002
1026	白	2	0.00000002
1027	豉	2	0.00000002
1028	酱	2	0.00000002
1029	音	2	0.00000002
1030	로	2	0.00000002
1031	체	2	0.00000002
1032	재	2	0.00000002
1033	대	2	0.00000002
1034	리	2	0.00000002
1035	지	2	0.00000002
1036	쉽	2	0.00000002
1037	연	2	0.00000002
1038	™	1	0.00000001
1039	„	1	0.00000001
1040	₱	1	0.00000001
1041	普	1	0.00000001
1042	查	1	0.00000001
1043	资	1	0.00000001
1044	料	1	0.00000001
1045	௵	1	0.00000001
1046	Ş	1	0.00000001
1047	ʷ	1	0.00000001
1048	唐	1	0.00000001
1049	獎	1	0.00000001
1050	ɔ	1	0.00000001
1051	ổ	1	0.00000001
1052	ử	1	0.00000001
1053	₋	1	0.00000001
1054	ǀ	1	0.00000001
1055	☉	1	0.00000001
1056	ẻ	1	0.00000001
1057	ů	1	0.00000001
1058	‴	1	0.00000001
1059	⁗	1	0.00000001
1060	₁	1	0.00000001
1061	₃	1	0.00000001
1062	∙	1	0.00000001
1063	ừ	1	0.00000001
1064	ĝ	1	0.00000001
1065	ĕ	1	0.00000001
1066	ḏ	1	0.00000001
1067	ḗ	1	0.00000001
1068	ġ	1	0.00000001
1069	ʰ	1	0.00000001
1070	ʒ	1	0.00000001
1071	ḱ	1	0.00000001
1072	ű	1	0.00000001
1073	ɯ	1	0.00000001
1074	̽	1	0.00000001
1075	ʊ	1	0.00000001
1076	ļ	1	0.00000001
1077	ḻ	1	0.00000001
1078	ớ	1	0.00000001
1079	ɫ	1	0.00000001
1080	ť	1	0.00000001
1081	ʲ	1	0.00000001
1082	ɵ	1	0.00000001
1083	ợ	1	0.00000001
1084	ẩ	1	0.00000001
1085	¥	1	0.00000001
1086	¶	1	0.00000001
1087	Ä	1	0.00000001
1088	Î	1	0.00000001
1089	Ü	1	0.00000001
1090	Ă	1	0.00000001
1091	Ć	1	0.00000001
1092	Ē	1	0.00000001
1093	ṓ	1	0.00000001
1094	Ė	1	0.00000001
1095	Ł	1	0.00000001
1096	Ō	1	0.00000001
1097	Œ	1	0.00000001
1098	Ż	1	0.00000001
1099	Ɵ	1	0.00000001
1100	ǂ	1	0.00000001
1101	Ǎ	1	0.00000001
1102	ǧ	1	0.00000001
1103	ɹ	1	0.00000001
1104	ḫ	1	0.00000001
1105	ɑ	1	0.00000001
1106	ɚ	1	0.00000001
1107	̧	1	0.00000001
1108	Ί	1	0.00000001
1109	⊖	1	0.00000001
1110	ϊ	1	0.00000001
1111	ὶ	1	0.00000001
1112	ἷ	1	0.00000001
1113	ῆ	1	0.00000001
1114	ἶ	1	0.00000001
1115	ϒ	1	0.00000001
1116	ϵ	1	0.00000001
1117	Є	1	0.00000001
1118	Е	1	0.00000001
1119	З	1	0.00000001
1120	Й	1	0.00000001
1121	ј	1	0.00000001
1122	У	1	0.00000001
1123	Ч	1	0.00000001
1124	Ы	1	0.00000001
1125	ө	1	0.00000001
1126	Ю	1	0.00000001
1127	ї	1	0.00000001
1128	є	1	0.00000001
1129	ф	1	0.00000001
1130	Қ	1	0.00000001
1131	ң	1	0.00000001
1132	Ա	1	0.00000001
1133	յ	1	0.00000001
1134	Գ	1	0.00000001
1135	ղ	1	0.00000001
1136	դ	1	0.00000001
1137	Ե	1	0.00000001
1138	լ	1	0.00000001
1139	կ	1	0.00000001
1140	Կ	1	0.00000001
1141	պ	1	0.00000001
1142	ւ	1	0.00000001
1143	տ	1	0.00000001
1144	Ռ	1	0.00000001
1145	զ	1	0.00000001
1146	ծ	1	0.00000001
1147	ֲ	1	0.00000001
1148	־	1	0.00000001
1149	إ	1	0.00000001
1150	ـ	1	0.00000001
1151	ڈ	1	0.00000001
1152	ژ	1	0.00000001
1153	ُ	1	0.00000001
1154	ؤ	1	0.00000001
1155	ऋ	1	0.00000001
1156	औ	1	0.00000001
1157	झ	1	0.00000001
1158	ओ	1	0.00000001
1159	শ	1	0.00000001
1160	ৌ	1	0.00000001
1161	ধ	1	0.00000001
1162	ড	1	0.00000001
1163	ভ	1	0.00000001
1164	ো	1	0.00000001
1165	হ	1	0.00000001
1166	ਲ	1	0.00000001
1167	ਗ	1	0.00000001
1168	ਦ	1	0.00000001
1169	ਪ	1	0.00000001
1170	ਟ	1	0.00000001
1171	ਹ	1	0.00000001
1172	ਣ	1	0.00000001
1173	ਤ	1	0.00000001
1174	ਵ	1	0.00000001
1175	ਨ	1	0.00000001
1176	ੰ	1	0.00000001
1177	ੱ	1	0.00000001
1178	ગ	1	0.00000001
1179	ો	1	0.00000001
1180	ધ	1	0.00000001
1181	ણ	1	0.00000001
1182	ન	1	0.00000001
1183	શ	1	0.00000001
1184	સ	1	0.00000001
1185	ર	1	0.00000001
1186	હ	1	0.00000001
1187	ડ	1	0.00000001
1188	ଉ	1	0.00000001
1189	ୟ	1	0.00000001
1190	ଓ	1	0.00000001
1191	ଖ	1	0.00000001
1192	ଣ	1	0.00000001
1193	ଡ	1	0.00000001
1194	ୁ	1	0.00000001
1195	ମ	1	0.00000001
1196	ଫ	1	0.00000001
1197	ଛ	1	0.00000001
1198	ନ	1	0.00000001
1199	ୋ	1	0.00000001
1200	ହ	1	0.00000001
1201	ୀ	1	0.00000001
1202	஢	1	0.00000001
1203	乌	1	0.00000001
1204	鲁	1	0.00000001
1205	齐	1	0.00000001
1206	¤	1	0.00000001
1207	௶	1	0.00000001
1208	喜	1	0.00000001
1209	锡	1	0.00000001
1210	ஂ	1	0.00000001
1211	ఒ	1	0.00000001
1212	௸	1	0.00000001
1213	捕	1	0.00000001
1214	喝	1	0.00000001
1215	ɡ	1	0.00000001
1216	素	1	0.00000001
1217	ª	1	0.00000001
1218	ఉ	1	0.00000001
1219	ఏ	1	0.00000001
1220	చ	1	0.00000001
1221	హ	1	0.00000001
1222	ై	1	0.00000001
1223	ఖ	1	0.00000001
1224	ಅ	1	0.00000001
1225	ಠ	1	0.00000001
1226	ಘ	1	0.00000001
1227	ಥ	1	0.00000001
1228	ಚ	1	0.00000001
1229	ಱ	1	0.00000001
1230	ಜ	1	0.00000001
1231	ೞ	1	0.00000001
1232	ഒ	1	0.00000001
1233	ഓ	1	0.00000001
1234	ഴ	1	0.00000001
1235	൦	1	0.00000001
1236	ഇ	1	0.00000001
1237	ജ	1	0.00000001
1238	ඒ	1	0.00000001
1239	එ	1	0.00000001
1240	ෝ	1	0.00000001
1241	ෙ	1	0.00000001
1242	ග	1	0.00000001
1243	ළ	1	0.00000001
1244	ඉ	1	0.00000001
1245	ෂ	1	0.00000001
1246	ෆ	1	0.00000001
1247	ස	1	0.00000001
1248	ข	1	0.00000001
1249	ำ	1	0.00000001
1250	ค	1	0.00000001
1251	ฉ	1	0.00000001
1252	์	1	0.00000001
1253	ต	1	0.00000001
1254	ู	1	0.00000001
1255	ธ	1	0.00000001
1256	ฟ	1	0.00000001
1257	ญ	1	0.00000001
1258	ณ	1	0.00000001
1259	แ	1	0.00000001
1260	่	1	0.00000001
1261	ุ	1	0.00000001
1262	ี	1	0.00000001
1263	ກ	1	0.00000001
1264	ະ	1	0.00000001
1265	ຊ	1	0.00000001
1266	່	1	0.00000001
1267	ວ	1	0.00000001
1268	ງ	1	0.00000001
1269	ບ	1	0.00000001
1270	ຸ	1	0.00000001
1271	ນ	1	0.00000001
1272	ລ	1	0.00000001
1273	ຍ	1	0.00000001
1274	ເ	1	0.00000001
1275	ຮ	1	0.00000001
1276	ື	1	0.00000001
1277	კ	1	0.00000001
1278	ე	1	0.00000001
1279	ფ	1	0.00000001
1280	ს	1	0.00000001
1281	მ	1	0.00000001
1282	ა	1	0.00000001
1283	ḇ	1	0.00000001
1284	Ẓ	1	0.00000001
1285	Ấ	1	0.00000001
1286	ἄ	1	0.00000001
1287	ἅ	1	0.00000001
1288	Ἄ	1	0.00000001
1289	ἑ	1	0.00000001
1290	ᾱ	1	0.00000001
1291	Ἑ	1	0.00000001
1292	ἡ	1	0.00000001
1293	Ἠ	1	0.00000001
1294	ΐ	1	0.00000001
1295	Ἡ	1	0.00000001
1296	ῴ	1	0.00000001
1297	ἵ	1	0.00000001
1298	Ἱ	1	0.00000001
1299	Ἴ	1	0.00000001
1300	ὁ	1	0.00000001
1301	ὄ	1	0.00000001
1302	ὅ	1	0.00000001
1303	Ὄ	1	0.00000001
1304	Ὑ	1	0.00000001
1305	ὤ	1	0.00000001
1306	Ὠ	1	0.00000001
1307	Ὦ	1	0.00000001
1308	ῤ	1	0.00000001
1309	‑	1	0.00000001
1310	‡	1	0.00000001
1311	‱	1	0.00000001
1312	₣	1	0.00000001
1313	₨	1	0.00000001
1314	₳	1	0.00000001
1315	℡	1	0.00000001
1316	⅔	1	0.00000001
1317	∆	1	0.00000001
1318	∈	1	0.00000001
1319	∘	1	0.00000001
1320	∝	1	0.00000001
1321	∪	1	0.00000001
1322	∼	1	0.00000001
1323	≃	1	0.00000001
1324	⊆	1	0.00000001
1325	⌴	1	0.00000001
1326	⌵	1	0.00000001
1327	①	1	0.00000001
1328	②	1	0.00000001
1329	☧	1	0.00000001
1330	☺	1	0.00000001
1331	☻	1	0.00000001
1332	♐	1	0.00000001
1333	⚕	1	0.00000001
1334	⚽	1	0.00000001
1335	❧	1	0.00000001
1336	➀	1	0.00000001
1337	➁	1	0.00000001
1338	⫶	1	0.00000001
1339	、	1	0.00000001
1340	び	1	0.00000001
1341	カ	1	0.00000001
1342	ビ	1	0.00000001
1343	ィ	1	0.00000001
1344	ミ	1	0.00000001
1345	ザ	1	0.00000001
1346	ベ	1	0.00000001
1347	ケ	1	0.00000001
1348	ム	1	0.00000001
1349	ゥ	1	0.00000001
1350	ヤ	1	0.00000001
1351	ノ	1	0.00000001
1352	レ	1	0.00000001
1353	サ	1	0.00000001
1354	ワ	1	0.00000001
1355	切	1	0.00000001
1356	り	1	0.00000001
1357	ㅏ	1	0.00000001
1358	为	1	0.00000001
1359	上	1	0.00000001
1360	丑	1	0.00000001
1361	基	1	0.00000001
1362	坦	1	0.00000001
1363	走	1	0.00000001
1364	廊	1	0.00000001
1365	临	1	0.00000001
1366	乞	1	0.00000001
1367	巧	1	0.00000001
1368	节	1	0.00000001
1369	賞	1	0.00000001
1370	亲	1	0.00000001
1371	币	1	0.00000001
1372	仓	1	0.00000001
1373	颉	1	0.00000001
1374	伊	1	0.00000001
1375	倉	1	0.00000001
1376	頡	1	0.00000001
1377	僕	1	0.00000001
1378	ら	1	0.00000001
1379	空	1	0.00000001
1380	世	1	0.00000001
1381	祖	1	0.00000001
1382	睿	1	0.00000001
1383	全	1	0.00000001
1384	ヒ	1	0.00000001
1385	協	1	0.00000001
1386	万	1	0.00000001
1387	场	1	0.00000001
1388	俣	1	0.00000001
1389	蛇	1	0.00000001
1390	公	1	0.00000001
1391	址	1	0.00000001
1392	间	1	0.00000001
1393	房	1	0.00000001
1394	站	1	0.00000001
1395	内	1	0.00000001
1396	列	1	0.00000001
1397	初	1	0.00000001
1398	詣	1	0.00000001
1399	剛	1	0.00000001
1400	湖	1	0.00000001
1401	區	1	0.00000001
1402	堤	1	0.00000001
1403	頂	1	0.00000001
1404	段	1	0.00000001
1405	號	1	0.00000001
1406	千	1	0.00000001
1407	卓	1	0.00000001
1408	奧	1	0.00000001
1409	有	1	0.00000001
1410	利	1	0.00000001
1411	博	1	0.00000001
1412	努	1	0.00000001
1413	双	1	0.00000001
1414	台	1	0.00000001
1415	吳	1	0.00000001
1416	去	1	0.00000001
1417	非	1	0.00000001
1418	嘉	1	0.00000001
1419	数	1	0.00000001
1420	悠	1	0.00000001
1421	嚴	1	0.00000001
1422	實	1	0.00000001
1423	著	1	0.00000001
1424	団	1	0.00000001
1425	务	1	0.00000001
1426	委	1	0.00000001
1427	员	1	0.00000001
1428	发	1	0.00000001
1429	展	1	0.00000001
1430	局	1	0.00000001
1431	技	1	0.00000001
1432	圆	1	0.00000001
1433	墨	1	0.00000001
1434	同	1	0.00000001
1435	豆	1	0.00000001
1436	写	1	0.00000001
1437	真	1	0.00000001
1438	ニ	1	0.00000001
1439	ュ	1	0.00000001
1440	ア	1	0.00000001
1441	ル	1	0.00000001
1442	学	1	0.00000001
1443	奈	1	0.00000001
1444	良	1	0.00000001
1445	奎	1	0.00000001
1446	閣	1	0.00000001
1447	士	1	0.00000001
1448	院	1	0.00000001
1449	始	1	0.00000001
1450	信	1	0.00000001
1451	宁	1	0.00000001
1452	惑	1	0.00000001
1453	少	1	0.00000001
1454	答	1	0.00000001
1455	巨	1	0.00000001
1456	流	1	0.00000001
1457	巫	1	0.00000001
1458	登	1	0.00000001
1459	马	1	0.00000001
1460	甲	1	0.00000001
1461	顏	1	0.00000001
1462	喀	1	0.00000001
1463	啦	1	0.00000001
1464	脈	1	0.00000001
1465	春	1	0.00000001
1466	萱	1	0.00000001
1467	安	1	0.00000001
1468	広	1	0.00000001
1469	電	1	0.00000001
1470	鉄	1	0.00000001
1471	庄	1	0.00000001
1472	廖	1	0.00000001
1473	亦	1	0.00000001
1474	張	1	0.00000001
1475	柔	1	0.00000001
1476	彭	1	0.00000001
1477	蠡	1	0.00000001
1478	澤	1	0.00000001
1479	く	1	0.00000001
1480	ん	1	0.00000001
1481	忠	1	0.00000001
1482	夫	1	0.00000001
1483	快	1	0.00000001
1484	慧	1	0.00000001
1485	可	1	0.00000001
1486	我	1	0.00000001
1487	抽	1	0.00000001
1488	烟	1	0.00000001
1489	，	1	0.00000001
1490	扎	1	0.00000001
1491	克	1	0.00000001
1492	打	1	0.00000001
1493	砸	1	0.00000001
1494	抢	1	0.00000001
1495	烧	1	0.00000001
1496	严	1	0.00000001
1497	重	1	0.00000001
1498	暴	1	0.00000001
1499	力	1	0.00000001
1500	犯	1	0.00000001
1501	罪	1	0.00000001
1502	件	1	0.00000001
1503	摩	1	0.00000001
1504	诃	1	0.00000001
1505	嵯	1	0.00000001
1506	敵	1	0.00000001
1507	討	1	0.00000001
1508	ち	1	0.00000001
1509	數	1	0.00000001
1510	獨	1	0.00000001
1511	坡	1	0.00000001
1512	运	1	0.00000001
1513	动	1	0.00000001
1514	生	1	0.00000001
1515	命	1	0.00000001
1516	保	1	0.00000001
1517	険	1	0.00000001
1518	相	1	0.00000001
1519	互	1	0.00000001
1520	旺	1	0.00000001
1521	來	1	0.00000001
1522	易	1	0.00000001
1523	卜	1	0.00000001
1524	拉	1	0.00000001
1525	欣	1	0.00000001
1526	期	1	0.00000001
1527	昭	1	0.00000001
1528	辰	1	0.00000001
1529	語	1	0.00000001
1530	曇	1	0.00000001
1531	慶	1	0.00000001
1532	洞	1	0.00000001
1533	刊	1	0.00000001
1534	ガ	1	0.00000001
1535	虔	1	0.00000001
1536	形	1	0.00000001
1537	牌	1	0.00000001
1538	振	1	0.00000001
1539	藩	1	0.00000001
1540	壇	1	0.00000001
1541	手	1	0.00000001
1542	婦	1	0.00000001
1543	組	1	0.00000001
1544	嶽	1	0.00000001
1545	枲	1	0.00000001
1546	梁	1	0.00000001
1547	鉅	1	0.00000001
1548	《	1	0.00000001
1549	枢	1	0.00000001
1550	垣	1	0.00000001
1551	纪	1	0.00000001
1552	略	1	0.00000001
1553	》	1	0.00000001
1554	卷	1	0.00000001
1555	廿	1	0.00000001
1556	七	1	0.00000001
1557	梆	1	0.00000001
1558	楠	1	0.00000001
1559	浪	1	0.00000001
1560	檗	1	0.00000001
1561	正	1	0.00000001
1562	歷	1	0.00000001
1563	畫	1	0.00000001
1564	寧	1	0.00000001
1565	戸	1	0.00000001
1566	湾	1	0.00000001
1567	沁	1	0.00000001
1568	东	1	0.00000001
1569	要	1	0.00000001
1570	錄	1	0.00000001
1571	波	1	0.00000001
1572	胡	1	0.00000001
1573	浦	1	0.00000001
1574	吴	1	0.00000001
1575	氏	1	0.00000001
1576	馈	1	0.00000001
1577	录	1	0.00000001
1578	淸	1	0.00000001
1579	済	1	0.00000001
1580	話	1	0.00000001
1581	湟	1	0.00000001
1582	源	1	0.00000001
1583	城	1	0.00000001
1584	漫	1	0.00000001
1585	才	1	0.00000001
1586	炎	1	0.00000001
1587	片	1	0.00000001
1588	牛	1	0.00000001
1589	棚	1	0.00000001
1590	牽	1	0.00000001
1591	独	1	0.00000001
1592	狼	1	0.00000001
1593	居	1	0.00000001
1594	胥	1	0.00000001
1595	靜	1	0.00000001
1596	齋	1	0.00000001
1597	玛	1	0.00000001
1598	甘	1	0.00000001
1599	盆	1	0.00000001
1600	栽	1	0.00000001
1601	盘	1	0.00000001
1602	古	1	0.00000001
1603	瞿	1	0.00000001
1604	塘	1	0.00000001
1605	矩	1	0.00000001
1606	農	1	0.00000001
1607	草	1	0.00000001
1608	福	1	0.00000001
1609	程	1	0.00000001
1610	极	1	0.00000001
1611	泰	1	0.00000001
1612	穴	1	0.00000001
1613	筷	1	0.00000001
1614	簫	1	0.00000001
1615	粘	1	0.00000001
1616	精	1	0.00000001
1617	裂	1	0.00000001
1618	病	1	0.00000001
1619	紀	1	0.00000001
1620	樓	1	0.00000001
1621	統	1	0.00000001
1622	失	1	0.00000001
1623	調	1	0.00000001
1624	症	1	0.00000001
1625	縄	1	0.00000001
1626	红	1	0.00000001
1627	楼	1	0.00000001
1628	梦	1	0.00000001
1629	羅	1	0.00000001
1630	風	1	0.00000001
1631	理	1	0.00000001
1632	ョ	1	0.00000001
1633	興	1	0.00000001
1634	私	1	0.00000001
1635	黨	1	0.00000001
1636	臼	1	0.00000001
1637	井	1	0.00000001
1638	甕	1	0.00000001
1639	男	1	0.00000001
1640	花	1	0.00000001
1641	見	1	0.00000001
1642	英	1	0.00000001
1643	雄	1	0.00000001
1644	故	1	0.00000001
1645	苴	1	0.00000001
1646	荷	1	0.00000001
1647	豬	1	0.00000001
1648	莩	1	0.00000001
1649	蒼	1	0.00000001
1650	鶻	1	0.00000001
1651	芳	1	0.00000001
1652	共	1	0.00000001
1653	虛	1	0.00000001
1654	蜀	1	0.00000001
1655	行	1	0.00000001
1656	方	1	0.00000001
1657	虎	1	0.00000001
1658	汁	1	0.00000001
1659	豊	1	0.00000001
1660	祭	1	0.00000001
1661	踊	1	0.00000001
1662	る	1	0.00000001
1663	ジ	1	0.00000001
1664	ャ	1	0.00000001
1665	踏	1	0.00000001
1666	謡	1	0.00000001
1667	娘	1	0.00000001
1668	辛	1	0.00000001
1669	昇	1	0.00000001
1670	通	1	0.00000001
1671	教	1	0.00000001
1672	達	1	0.00000001
1673	爾	1	0.00000001
1674	罕	1	0.00000001
1675	邹	1	0.00000001
1676	仪	1	0.00000001
1677	鄭	1	0.00000001
1678	厚	1	0.00000001
1679	仁	1	0.00000001
1680	酒	1	0.00000001
1681	池	1	0.00000001
1682	肉	1	0.00000001
1683	油	1	0.00000001
1684	崎	1	0.00000001
1685	比	1	0.00000001
1686	狐	1	0.00000001
1687	光	1	0.00000001
1688	明	1	0.00000001
1689	沙	1	0.00000001
1690	砖	1	0.00000001
1691	針	1	0.00000001
1692	灸	1	0.00000001
1693	鈔	1	0.00000001
1694	鉑	1	0.00000001
1695	鉤	1	0.00000001
1696	銀	1	0.00000001
1697	阳	1	0.00000001
1698	阴	1	0.00000001
1699	阿	1	0.00000001
1700	里	1	0.00000001
1701	哥	1	0.00000001
1702	陇	1	0.00000001
1703	陰	1	0.00000001
1704	陽	1	0.00000001
1705	集	1	0.00000001
1706	解	1	0.00000001
1707	霍	1	0.00000001
1708	青	1	0.00000001
1709	滿	1	0.00000001
1710	静	1	0.00000001
1711	香	1	0.00000001
1712	豐	1	0.00000001
1713	次	1	0.00000001
1714	魄	1	0.00000001
1715	魏	1	0.00000001
1716	鮮	1	0.00000001
1717	米	1	0.00000001
1718	之	1	0.00000001
1719	乡	1	0.00000001
1720	鴦	1	0.00000001
1721	伽	1	0.00000001
1722	黄	1	0.00000001
1723	岗	1	0.00000001
1724	黒	1	0.00000001
1725	輪	1	0.00000001
1726	姦	1	0.00000001
1727	龍	1	0.00000001
1728	과	1	0.00000001
1729	過	1	0.00000001
1730	勞	1	0.00000001
1731	死	1	0.00000001
1732	군	1	0.00000001
1733	균	1	0.00000001
1734	여	1	0.00000001
1735	전	1	0.00000001
1736	均	1	0.00000001
1737	如	1	0.00000001
1738	傳	1	0.00000001
1739	놀	1	0.00000001
1740	음	1	0.00000001
1741	단	1	0.00000001
1742	련	1	0.00000001
1743	당	1	0.00000001
1744	학	1	0.00000001
1745	동	1	0.00000001
1746	문	1	0.00000001
1747	미	1	0.00000001
1748	마	1	0.00000001
1749	반	1	0.00000001
1750	찬	1	0.00000001
1751	번	1	0.00000001
1752	점	1	0.00000001
1753	프	1	0.00000001
1754	를	1	0.00000001
1755	겹	1	0.00000001
1756	살	1	0.00000001
1757	목	1	0.00000001
1758	三	1	0.00000001
1759	目	1	0.00000001
1760	서	1	0.00000001
1761	예	1	0.00000001
1762	藝	1	0.00000001
1763	송	1	0.00000001
1764	산	1	0.00000001
1765	게	1	0.00000001
1766	시	1	0.00000001
1767	십	1	0.00000001
1768	오	1	0.00000001
1769	잔	1	0.00000001
1770	희	1	0.00000001
1771	열	1	0.00000001
1772	섯	1	0.00000001
1773	읍	1	0.00000001
1774	탈	1	0.00000001
1775	춤	1	0.00000001
1776	판	1	0.00000001
1777	소	1	0.00000001
1778	하	1	0.00000001
1779	한	1	0.00000001
1780	글	1	0.00000001
1781	향	1	0.00000001
1782	협	1	0.00000001
1783	률	1	0.00000001
1784	홍	1	0.00000001
1785	황	1	0.00000001
1786	조	1	0.00000001
1787	가	1	0.00000001
1788	鳥	1	0.00000001
1789	歌	1	0.00000001
1790		1	0.00000001
1791		1	0.00000001
1792		1	0.00000001
1793	鐘	1	0.00000001
1794	笑	1	0.00000001
1795	：	1	0.00000001
